,Unnamed: 0.1,Unnamed: 0,Time,Mx,My,CoPx,CoPy
0,0,0,0.0,0.0,0.0,0.0,0.0
1,1,1,0.06,1.4253011666666664,0.13616016666666658,-0.0002090333333332,0.0021406833333333
2,2,2,0.12,2.1705836666666665,0.37521,-0.0005830166666665,0.0032452166666666
3,3,3,0.18,1.8934321666666665,0.9351269999999999,-0.0014187666666665,0.0028359666666666
4,4,4,0.24,1.0800593333333335,1.6159708333333336,-0.0024401166666665,0.0016161
5,5,5,0.3,0.8440799999999999,2.0673353333333333,-0.0031189833333332,0.0012611333333333
6,6,6,0.36,0.7882406666666666,2.333041666666667,-0.0035231833333332,0.0011713166666667
7,7,7,0.42,0.36557566666666674,2.597811,-0.0039233833333332,0.0005328833333333
8,8,8,0.48,-0.11952666666666667,2.888176500000001,-0.0043582333333332,-0.0001940166666666
9,9,9,0.54,-0.552210166666667,3.1257196666666673,-0.0047005166666665,-0.0008256166666667
10,10,10,0.6,-0.6695668333333336,3.155679000000001,-0.0047529833333332,-0.0010119
11,11,11,0.66,-0.6520710000000002,3.052443333333334,-0.0046067499999998,-0.0009969666666667
12,12,12,0.72,-0.4172950000000001,2.926202833333333,-0.0044057999999998,-0.00062985
13,13,13,0.78,0.05592766666666671,2.662344500000001,-0.0040157833333332,7.333333333330006e-05
14,14,14,0.84,0.036384333333333574,2.5283583333333337,-0.0038115333333332,4.741666666669992e-05
15,15,15,0.9,-0.49959866666666686,2.5746406666666672,-0.0038861166666665,-0.00076495
16,16,16,0.96,-0.9968156666666665,2.798873666666668,-0.0042201833333332,-0.0015090666666665
17,17,17,1.02,-1.2803636666666667,2.903072666666667,-0.0043711833333332,-0.0019289999999998
18,18,18,1.08,-1.0822303333333334,2.7164995000000007,-0.0040981666666665,-0.0016396333333332
19,19,19,1.14,-0.8047903333333332,2.5278895,-0.0038134999999998,-0.0012211833333332
20,20,20,1.2,-0.42461450000000006,2.3840171666666667,-0.0035952833333332,-0.0006472666666667
21,21,21,1.26,0.06776516666666632,2.1933518333333337,-0.0033108499999998,9.078333333330008e-05
22,22,22,1.32,0.2191844999999999,2.1528746666666674,-0.0032469333333332,0.0003221833333332
23,23,23,1.38,0.5046938333333328,2.0719553333333343,-0.0031307499999998,0.0007445666666665
24,24,24,1.44,0.7475788333333333,2.0052060000000007,-0.0030262833333332,0.0011152833333333
25,25,25,1.5,0.8316843333333335,2.0792471666666668,-0.0031245499999998,0.0012584833333333
26,26,26,1.56,0.8473061666666666,2.175631000000001,-0.0032890666666665,0.0012566833333333
27,27,27,1.62,0.3746655000000001,2.3221168333333333,-0.0035064499999998,0.0005498
28,28,28,1.68,0.2660121666666666,2.2786718333333336,-0.0034407166666665,0.000387
29,29,29,1.74,0.6059541666666666,2.1279943333333335,-0.0032105499999998,0.0009024833333333
30,30,30,1.8,1.0406981666666666,1.8923570000000007,-0.0028523666666665,0.0015615666666665
31,31,31,1.86,1.5071186666666656,1.7663021666666665,-0.0026733833333332,0.0022487
32,32,32,1.92,1.9306213333333337,1.678938833333333,-0.0025390999999999,0.0028897833333333
33,33,33,1.98,2.1962848333333334,1.6475156666666664,-0.0024870166666665,0.00329605
34,34,34,2.04,2.5808039999999997,1.7478269999999998,-0.0026349999999998,0.0038786833333333
35,35,35,2.1,2.4940323333333336,2.1328881666666675,-0.0032163666666665,0.003745
36,36,36,2.16,1.669837166666667,2.7366251666666668,-0.0041244999999998,0.0025054166666666
37,37,37,2.22,0.5762163333333334,3.324907666666666,-0.0050084333333332,0.0008617666666667
38,38,38,2.28,-0.33136250000000017,3.790982,-0.0057143166666665,-0.0005104
39,39,39,2.34,-1.0318216666666666,4.071811500000001,-0.0061425666666665,-0.0015722499999998
40,40,40,2.4,-1.8294968333333332,4.271734166666666,-0.0064268999999998,-0.0027500999999997
41,41,41,2.46,-3.0127533333333334,4.447809666666667,-0.0066975499999998,-0.0045373999999998
42,42,42,2.52,-4.360776333333334,4.490383666666666,-0.0067723499999998,-0.0065762499999998
43,43,43,2.58,-5.284687166666666,4.391619666666667,-0.0066157666666665,-0.0079588499999999
44,44,44,2.64,-5.6831575,4.161835000000001,-0.0062749499999999,-0.0085610499999999
45,45,45,2.7,-5.807623500000001,3.8699850000000002,-0.0058302999999998,-0.0087449333333332
46,46,46,2.76,-5.410183333333334,3.4881873333333338,-0.0052519499999998,-0.0081448166666664
47,47,47,2.82,-4.314764,2.922078166666667,-0.0044061333333332,-0.0065003333333332
48,48,48,2.88,-2.7060525,2.3814421666666665,-0.0035889166666665,-0.0040771166666665
49,49,49,2.94,-1.5251286666666668,1.9410973333333335,-0.0029311333333332,-0.0023048499999998
50,50,50,3.0,-1.3789573333333331,1.8375636666666666,-0.0027810999999998,-0.0020908333333332
51,51,51,3.06,-1.7877224999999999,2.0175116666666666,-0.0030412333333332,-0.0026954833333331
52,52,52,3.12,-1.6974096666666667,2.182711666666667,-0.0032909666666665,-0.0025607166666665
53,53,53,3.18,-0.9824886666666667,2.3634206666666673,-0.0035673499999998,-0.0014896833333332
54,54,54,3.24,-0.07967016666666671,2.456370500000001,-0.0036979333333332,-0.0001207833333332
55,55,55,3.3,0.3356133333333333,2.723151333333333,-0.0041033999999998,0.0004992166666667
56,56,56,3.36,-0.6442513333333334,3.2147758333333334,-0.0048649666666665,-0.0010033166666666
57,57,57,3.42,-2.2750676666666667,3.8462870000000002,-0.0057886333333332,-0.0034240666666665
58,58,58,3.48,-4.0857209999999995,4.4608535,-0.0067070833333332,-0.0061424333333332
59,59,59,3.54,-5.451441166666668,4.597064166666667,-0.0069302999999998,-0.0082132666666665
60,60,60,3.6,-6.306534333333334,4.625701666666667,-0.0069694499999999,-0.0094968666666665
61,61,61,3.66,-7.059953000000001,4.532654000000001,-0.0068276333333332,-0.0106290499999999
62,62,62,3.72,-7.5006759999999995,4.343725666666667,-0.0065437166666665,-0.0112922833333332
63,63,63,3.78,-7.326120500000001,3.984581666666667,-0.0059994666666665,-0.0110283999999999
64,64,64,3.84,-6.904089000000001,3.5726109999999998,-0.0053858333333332,-0.0103955999999999
65,65,65,3.9,-6.548577333333334,3.2387815000000004,-0.0048809666666665,-0.0098597166666665
66,66,66,3.96,-5.7954343333333345,2.9279563333333343,-0.0044112499999998,-0.0087257666666665
67,67,67,4.02,-4.816877333333333,2.6133553333333337,-0.0039376666666665,-0.0072530833333332
68,68,68,4.08,-3.8065410000000006,2.381458666666667,-0.0035921333333332,-0.0057353999999998
69,69,69,4.14,-2.8016319999999997,2.118921666666667,-0.0031976499999998,-0.0042239666666665
70,70,70,4.2,-2.295849,2.100281166666667,-0.0031580499999998,-0.0034528666666665
71,71,71,4.26,-2.5864785,2.437259500000001,-0.0036786499999998,-0.0039024166666665
72,72,72,4.32,-3.571328166666667,2.8274763333333333,-0.0042676999999999,-0.0053851833333332
73,73,73,4.38,-4.732855166666666,3.209736666666667,-0.0048332666666665,-0.0071255833333332
74,74,74,4.44,-5.029154333333333,3.453491333333333,-0.0052037333333332,-0.0075737999999999
75,75,75,4.5,-4.726536333333334,3.4860610000000003,-0.0052504499999998,-0.0071169833333332
76,76,76,4.56,-4.777664,3.437781666666668,-0.0051800499999998,-0.0071953333333332
77,77,77,4.62,-5.169449999999999,3.628407000000001,-0.0054687166666665,-0.0077859999999998
78,78,78,4.68,-6.1890529999999995,4.0565611666666666,-0.0061119333333332,-0.0093194499999999
79,79,79,4.74,-6.9405215,4.386795833333333,-0.0066030999999999,-0.0104473833333331
80,80,80,4.8,-7.1756485,4.752975000000001,-0.0071596333333332,-0.0108032499999999
81,81,81,4.86,-7.281130500000001,5.249997333333333,-0.0079091999999999,-0.0109628166666665
82,82,82,4.92,-7.204299166666668,5.577107499999999,-0.0083980999999999,-0.0108459333333332
83,83,83,4.98,-6.8802718333333335,5.436767000000001,-0.0081869666666665,-0.0103583666666665
84,84,84,5.04,-6.3919413333333335,5.005593666666666,-0.0075444833333332,-0.0096272333333332
85,85,85,5.1,-5.774863499999999,4.669906999999999,-0.0070288166666665,-0.0086923333333332
86,86,86,5.16,-5.111665333333333,4.264941,-0.0064139166666665,-0.0076903166666665
87,87,87,5.22,-4.207554833333333,3.856583333333334,-0.0058136833333332,-0.0063408666666665
88,88,88,5.28,-3.1737256666666673,3.5629575000000004,-0.0053692166666665,-0.0047830166666665
89,89,89,5.34,-1.8226098333333334,3.252861,-0.0048994833333332,-0.0027472166666665
90,90,90,5.4,-0.7280335,2.6320831666666678,-0.0039663499999998,-0.0011012666666666
91,91,91,5.46,-0.2877728333333335,2.267609833333334,-0.0034234333333332,-0.0004452166666667
92,92,92,5.52,-1.2481896666666668,2.678060833333334,-0.0040339833333332,-0.0018820499999999
93,93,93,5.58,-3.0176595,3.3022574999999996,-0.0049819999999998,-0.0045531333333332
94,94,94,5.64,-4.4925025000000005,3.8455551666666663,-0.0058037499999998,-0.0067743999999999
95,95,95,5.7,-5.677708666666668,4.1558135,-0.0062705333333332,-0.0085562166666665
96,96,96,5.76,-7.3418965,4.3997605,-0.0066149166666665,-0.0110490999999998
97,97,97,5.82,-7.363251666666667,4.4583813333333335,-0.0067138666666665,-0.0110848999999999
98,98,98,5.88,-6.163979166666666,4.515581333333333,-0.0068009833333332,-0.0092803833333332
99,99,99,5.94,-4.4260081666666675,4.4910689999999995,-0.0067629999999999,-0.0066652499999999
100,100,100,6.0,-2.3051440000000003,4.2026838333333325,-0.0063399999999998,-0.0034869166666665
101,101,101,6.06,-0.592786,4.067872833333333,-0.0061186333333332,-0.0008852
102,102,102,6.12,-0.0963198333333336,4.254370833333333,-0.0064056166666665,-0.0001481333333334
103,103,103,6.18,-0.6856313333333335,4.486115999999999,-0.0067625499999999,-0.0010479
104,104,104,6.24,-2.115323666666667,4.9957123333333335,-0.0075224333333332,-0.0031881499999998
105,105,105,6.3,-3.6256209999999998,5.472931666666666,-0.0082412499999999,-0.0054617833333332
106,106,106,6.36,-4.4176590000000004,5.905548333333333,-0.0088877166666665,-0.0066477666666665
107,107,107,6.42,-4.511311166666667,6.100453166666666,-0.0091854166666665,-0.0067940666666665
108,108,108,6.48,-4.823681666666667,6.375898833333334,-0.0096037333333332,-0.0072691999999999
109,109,109,6.54,-5.0567825,6.6060628333333336,-0.0099466166666665,-0.0076151999999998
110,110,110,6.6,-5.117776833333335,6.766500000000001,-0.0101910833333332,-0.0077114833333332
111,111,111,6.66,-5.398899,6.877474666666666,-0.0103569666666665,-0.0081327833333331
112,112,112,6.72,-5.739676666666668,6.908167166666666,-0.0103998166666665,-0.0086415166666665
113,113,113,6.78,-5.828111666666666,6.9252665,-0.0104266833333332,-0.0087759166666665
114,114,114,6.84,-5.718384166666667,6.844094333333333,-0.0103059166666665,-0.0086121833333332
115,115,115,6.9,-5.267812,6.540988166666667,-0.0098509333333332,-0.0079354833333332
116,116,116,6.96,-4.354482833333332,6.124426833333334,-0.0092168333333332,-0.0065521333333332
117,117,117,7.02,-3.057784500000001,5.592362166666668,-0.0084193166666665,-0.0046050333333332
118,118,118,7.08,-1.7415946666666666,5.098661000000001,-0.0076815999999999,-0.0026323166666664
119,119,119,7.14,-0.2080493333333333,4.753560000000001,-0.0071589166666665,-0.0003196666666666
120,120,120,7.2,1.7195666666666667,4.299886166666666,-0.0064758166666665,0.0025815833333333
121,121,121,7.26,3.695149333333334,3.7843461666666682,-0.0056959333333332,0.0055629333333333
122,122,122,7.32,5.314840333333334,3.284797000000001,-0.0049549666666665,0.0079767166666667
123,123,123,7.38,6.294037000000001,3.0713068333333347,-0.0046300999999999,0.0094576166666667
124,124,124,7.44,6.895193333333332,3.055316666666667,-0.0046047666666665,0.01036515
125,125,125,7.5,6.858500666666665,3.1643480000000004,-0.0047708833333332,0.0103050666666667
126,126,126,7.56,6.065805166666666,3.6765925,-0.0055452166666665,0.0091030166666667
127,127,127,7.62,4.731270666666667,4.2912729999999994,-0.0064640333333332,0.0071101166666667
128,128,128,7.68,3.837843500000001,4.789953166666668,-0.0072107666666665,0.00577505
129,129,129,7.74,4.082875999999999,5.007733166666666,-0.0075406166666665,0.0061381833333333
130,130,130,7.8,4.733450333333334,5.0634715,-0.0076247999999998,0.0071159
131,131,131,7.86,5.1173725,5.1263545,-0.0077257833333332,0.0076743666666667
132,132,132,7.92,4.641113500000001,5.412096999999999,-0.0081488999999999,0.0069789166666667
133,133,133,7.98,3.6858338333333336,5.809188499999999,-0.0087466666666665,0.0055404
134,134,134,8.04,2.033242333333334,6.249790666666667,-0.0094149666666665,0.0030369
135,135,135,8.1,0.29203699999999966,6.667155500000001,-0.0100367833333332,0.0004362166666666
136,136,136,8.16,-0.49438533333333357,6.937877,-0.0104465999999999,-0.0007538833333333
137,137,137,8.22,-0.8751836666666667,7.150926833333332,-0.0107657499999999,-0.0013231833333332
138,138,138,8.28,-0.6800963333333334,7.172673833333333,-0.0107977666666665,-0.0010273333333333
139,139,139,8.34,0.2698933333333333,6.885617166666666,-0.0103682999999999,0.0003939666666665
140,140,140,8.4,1.6442875000000003,6.580144,-0.0099052999999999,0.0024730166666667
141,141,141,8.46,3.408884333333333,6.067897166666667,-0.0091348499999999,0.00512745
142,142,142,8.52,5.069660166666667,5.462354333333334,-0.0082281499999999,0.0076113333333333
143,143,143,8.58,5.9218775,5.240479333333333,-0.0078938833333332,0.0088952333333333
144,144,144,8.64,6.713023166666666,5.197748666666666,-0.0078286999999999,0.0100881833333332
145,145,145,8.7,7.203385166666667,5.350381,-0.0080568666666665,0.0108306833333333
146,146,146,8.76,6.763431833333334,5.639935833333333,-0.0084960666666665,0.0101556333333333
147,147,147,8.82,4.977396500000001,6.028806,-0.0090859166666665,0.0074510666666666
148,148,148,8.88,2.9294345000000015,6.420311166666667,-0.0096646499999999,0.0044078
149,149,149,8.94,2.3412715000000004,6.402841666666666,-0.0096399666666665,0.0035170833333333
150,150,150,9.0,3.2268231666666667,6.1432855,-0.0092557166666665,0.0048282166666667
151,151,151,9.06,5.021484833333333,6.208594333333333,-0.0093503833333332,0.0075378333333333
152,152,152,9.12,8.120896666666667,6.773956333333333,-0.0102212999999999,0.0120827833333333
153,153,153,9.18,10.767013166666665,6.554041833333333,-0.0098579333333332,0.0162515666666667
154,154,154,9.24,12.737410316666667,5.579071,-0.0083812999999999,0.01926095
155,155,155,9.3,14.698055833333333,4.5044885,-0.0067804166666665,0.0221244833333333
156,156,156,9.36,15.284608500000003,3.9512495,-0.0059494499999998,0.0229994166666667
157,157,157,9.42,15.031429833333334,3.635205,-0.0054743166666665,0.0226164
158,158,158,9.48,14.178281533333337,3.333362500000001,-0.0050292666666665,0.0212997833333332
159,159,159,9.54,12.182137833333332,3.3400006666666675,-0.0050309999999998,0.0183254333333333
160,160,160,9.6,9.496614833333332,3.572368500000001,-0.0053823833333332,0.0142801
161,161,161,9.66,7.395566333333333,3.811566500000001,-0.0057559666666665,0.01108055
162,162,162,9.72,5.503793333333334,4.344017833333334,-0.0065515666666665,0.0082503666666667
163,163,163,9.78,3.1548255000000007,4.949503166666666,-0.0074492499999999,0.0047511
164,164,164,9.84,1.947689,5.223166833333332,-0.0078699499999999,0.0029126833333333
165,165,165,9.9,2.502856833333334,5.313158166666667,-0.0080055833333332,0.0037469333333333
166,166,166,9.96,3.6763426666666668,5.6163300000000005,-0.0084574499999999,0.0055229
167,167,167,10.02,5.5479769999999995,5.623092166666667,-0.0084718333333332,0.0083238999999999
168,168,168,10.08,7.485903999999998,5.306801000000001,-0.0079927333333332,0.011251
169,169,169,10.14,8.451565666666669,5.084504666666665,-0.0076582999999999,0.0127036666666667
170,170,170,10.2,8.5385335,5.215568,-0.0078491833333332,0.0128583666666667
171,171,171,10.26,8.608736333333335,5.145859666666668,-0.0077507999999998,0.0129396333333333
172,172,172,10.32,8.818343500000001,5.135324666666668,-0.0077334833333332,0.0132602333333333
173,173,173,10.38,8.937266999999999,5.1988509999999994,-0.0078309999999999,0.01343145
174,174,174,10.44,8.280805666666664,5.205944000000001,-0.0078464333333332,0.0124261833333332
175,175,175,10.5,7.481120666666667,5.244497166666669,-0.0079135999999999,0.0111901
176,176,176,10.56,6.881118333333334,5.303895333333331,-0.0079796499999999,0.01037225
177,177,177,10.62,6.207524666666667,5.318461333333333,-0.0080108833333332,0.0093260166666667
178,178,178,10.68,5.793486499999999,5.340240166666665,-0.0080416166666665,0.0087098333333332
179,179,179,10.74,6.235327666666667,5.228107166666667,-0.0078663499999999,0.00939645
180,180,180,10.8,7.241000166666666,5.210626166666668,-0.0078500333333332,0.0108753166666667
181,181,181,10.86,8.412669000000001,5.175974499999999,-0.0077958666666665,0.0126456166666667
182,182,182,10.92,9.92826,4.933058999999999,-0.0074342166666665,0.0149101666666667
183,183,183,10.98,10.89909366666667,4.733464833333333,-0.0071266833333332,0.0163994333333334
184,184,184,11.04,11.454069,4.742341333333335,-0.0071453333333332,0.0172131166666666
185,185,185,11.1,11.980833649999996,4.846461166666667,-0.0072993333333332,0.0180162166666667
186,186,186,11.16,12.5753965,4.891704166666665,-0.0073680333333332,0.01890795
187,187,187,11.22,12.920876,4.855865833333332,-0.0073146999999999,0.0194252833333333
188,188,188,11.28,12.367586766666669,5.052829833333333,-0.0076108166666665,0.0185933499999999
189,189,189,11.34,10.522615166666666,5.504980333333333,-0.0082909999999999,0.0158184666666667
190,190,190,11.4,8.1425175,6.050295000000001,-0.0091137499999999,0.0122264666666667
191,191,191,11.46,5.899495,6.635957999999999,-0.0099889666666665,0.0088797
192,192,192,11.52,4.233780166666667,7.0114343333333355,-0.0105549333333332,0.0063682166666667
193,193,193,11.58,3.614305166666667,7.008299166666666,-0.0105565666666665,0.0054064333333333
194,194,194,11.64,3.403317499999999,7.0803468333333335,-0.0106578166666665,0.0051222333333333
195,195,195,11.7,2.9038276666666665,7.174136333333334,-0.0107993333333332,0.0043687
196,196,196,11.76,2.7685081666666664,7.177659333333334,-0.0108102166666665,0.0041396
197,197,197,11.82,2.9916850000000004,7.038358,-0.0105973833333332,0.0044906666666666
198,198,198,11.88,3.965247166666667,6.826631666666666,-0.0102797333333332,0.0059510833333333
199,199,199,11.94,5.338441333333333,6.537834,-0.0098413666666665,0.00803425
200,200,200,12.0,7.094563333333333,6.170611166666666,-0.0092894833333332,0.01067395
201,201,201,12.06,8.842323,5.790795,-0.0087264499999999,0.0132661333333333
202,202,202,12.12,9.622374833333332,5.3374524999999995,-0.0080413666666665,0.0144536499999999
203,203,203,12.18,9.485688999999999,5.588429333333333,-0.0084108666666665,0.0142824499999999
204,204,204,12.24,9.1304165,6.174559499999999,-0.0092981833333332,0.0137230999999999
205,205,205,12.3,8.826293666666666,6.6417805,-0.0100021999999999,0.0132601833333333
206,206,206,12.36,8.497090499999999,7.195306666666666,-0.0108333166666665,0.01277265
207,207,207,12.42,7.852802833333335,7.6807419999999995,-0.0115641333333332,0.0117985833333333
208,208,208,12.48,6.7803741666666655,8.128290166666666,-0.0122383166666665,0.0101760166666667
209,209,209,12.54,6.200326000000001,8.3381215,-0.0125535999999999,0.0093048833333332
210,210,210,12.6,6.290738999999999,8.351411833333334,-0.0125703166666665,0.00947615
211,211,211,12.66,6.367368166666668,8.276315499999999,-0.0124581833333332,0.00958215
212,212,212,12.72,5.8198004999999995,8.144019666666667,-0.0122624999999999,0.0087269833333332
213,213,213,12.78,4.912301833333333,8.080647833333332,-0.0121653666666665,0.0073774333333333
214,214,214,12.84,4.363792166666667,7.923836499999999,-0.0119301499999999,0.0065488833333333
215,215,215,12.9,3.6197446666666666,7.738250833333334,-0.0116510499999999,0.0054294166666667
216,216,216,12.96,3.1956700000000007,7.571041500000001,-0.0113970833333332,0.0048062166666667
217,217,217,13.02,2.9010971666666667,7.341258833333331,-0.0110532833333332,0.00435275
218,218,218,13.08,2.7227384999999997,7.103907166666666,-0.0106960333333332,0.0040857666666666
219,219,219,13.14,2.978362666666666,6.796474833333334,-0.0102324499999999,0.0044753833333333
220,220,220,13.2,3.5334105000000005,6.499739666666668,-0.0097881833333332,0.00530185
221,221,221,13.26,4.504354666666668,6.319387999999999,-0.0095141833333332,0.00677235
222,222,222,13.32,6.131063666666666,6.044135499999999,-0.0091012833333332,0.00921525
223,223,223,13.38,7.931080166666664,5.608210666666666,-0.0084459499999999,0.01192135
224,224,224,13.44,8.840588833333337,5.223864833333334,-0.0078720833333332,0.01327255
225,225,225,13.5,8.883841833333333,5.2755073333333335,-0.0079489833333332,0.0133407166666667
226,226,226,13.56,8.996768333333332,5.640811166666667,-0.0084827499999999,0.0135774166666667
227,227,227,13.62,9.1865495,5.8858101666666665,-0.0088647166666665,0.0138044833333333
228,228,228,13.68,8.182288,6.103166333333333,-0.0091918333333332,0.0122923666666667
229,229,229,13.74,6.788498000000001,6.630312333333333,-0.0099839333333332,0.0102000499999999
230,230,230,13.8,4.811211166666667,7.304418999999999,-0.0109988166666665,0.0072206666666667
231,231,231,13.86,2.829789166666667,7.810925999999999,-0.0117577833333332,0.0042576
232,232,232,13.92,1.2545025,8.082496833333334,-0.0121686333333332,0.0018732
233,233,233,13.98,-0.0176993333333334,8.205094833333336,-0.0123527666666665,-3.823333333340009e-05
234,234,234,14.04,-0.31771783333333325,8.105250500000002,-0.0122007333333332,-0.0004797833333333
235,235,235,14.1,0.08830666666666676,7.7966671666666665,-0.0117390833333332,0.0001182333333332
236,236,236,14.16,0.9125764999999997,7.361085166666667,-0.0110818166666665,0.0013671666666667
237,237,237,14.22,2.0730981666666666,6.7561971666666665,-0.0101705999999999,0.0031178333333332
238,238,238,14.28,3.6923578333333342,6.013725666666668,-0.0090559499999999,0.0055449666666666
239,239,239,14.34,5.236202500000001,5.435008333333332,-0.0081860833333332,0.0078649833333333
240,240,240,14.4,5.5117815,5.319510166666667,-0.0080166333333332,0.0082658
241,241,241,14.46,5.4070205,5.386054166666668,-0.0081064333333332,0.0081418333333333
242,242,242,14.52,5.5688883333333346,5.422395333333333,-0.0081602999999999,0.0083881833333332
243,243,243,14.58,5.701458500000001,5.477163166666666,-0.0082539166666665,0.0085494833333332
244,244,244,14.64,5.002223333333334,5.807672833333334,-0.0087470166666665,0.00751175
245,245,245,14.7,4.4053175,6.100107666666666,-0.0091857499999999,0.0066184333333332
246,246,246,14.76,4.489906500000001,6.346035166666666,-0.0095540999999999,0.0067515
247,247,247,14.82,5.053279666666667,6.517825166666666,-0.0098112166666665,0.0076049166666667
248,248,248,14.88,5.854956333333334,6.577105499999999,-0.0099048499999999,0.00879175
249,249,249,14.94,6.438554999999999,6.662633166666667,-0.0100310833333332,0.0096803666666667
250,250,250,15.0,7.021734,6.673448833333334,-0.0100479499999999,0.0105549833333332
251,251,251,15.06,7.372117333333334,6.755420666666667,-0.0101714499999999,0.0110819666666667
252,252,252,15.12,7.551808833333332,6.946299666666668,-0.0104578499999999,0.0113561833333333
253,253,253,15.18,7.204361333333333,7.210442,-0.0108572166666665,0.0108215
254,254,254,15.24,6.686643500000001,7.431212666666666,-0.0111873666666665,0.0100548
255,255,255,15.3,6.166773333333334,7.5408135000000005,-0.0113544333333332,0.0092579666666667
256,256,256,15.36,5.6888285,7.569520833333332,-0.0113990666666665,0.00852905
257,257,257,15.42,5.807726000000001,7.446128833333334,-0.0112097166666665,0.0087332166666667
258,258,258,15.48,6.2205423333333325,7.208204000000001,-0.0108458333333332,0.0093894
259,259,259,15.54,6.510712333333333,6.9624343333333325,-0.0104812833333332,0.0097946166666667
260,260,260,15.6,5.8644295,6.761956833333332,-0.0101853499999999,0.0087932666666666
261,261,261,15.66,4.440993,6.5109900000000005,-0.0098055833333332,0.0066642666666667
262,262,262,15.72,3.8478736666666675,6.187060999999998,-0.0093136166666665,0.0057893166666666
263,263,263,15.78,4.110373833333332,5.890952833333333,-0.0088697833333332,0.0061789
264,264,264,15.84,4.5475534999999985,5.7259875,-0.0086205333333332,0.0068397833333333
265,265,265,15.9,4.737882999999999,5.708683166666669,-0.0085985166666665,0.00711275
266,266,266,15.96,4.828263500000001,5.803135666666665,-0.0087411666666665,0.0072466666666667
267,267,267,16.02,5.193682,5.847213666666668,-0.0088072666666665,0.0077966833333333
268,268,268,16.08,5.779839,5.863154500000001,-0.0088286666666665,0.0086880666666666
269,269,269,16.14,6.289559333333333,5.856647,-0.0088164166666665,0.00946435
270,270,270,16.2,6.5552858333333335,5.841923666666667,-0.0087981166666665,0.0098498666666667
271,271,271,16.26,6.491420333333333,5.941722499999999,-0.0089488833333332,0.0097507499999999
272,272,272,16.32,6.137738333333333,6.170916666666667,-0.0092969833333332,0.0092044333333333
273,273,273,16.38,5.442711666666666,6.372043999999998,-0.0095951999999999,0.0081767166666667
274,274,274,16.44,4.6047218333333335,6.521022333333333,-0.0098144833333332,0.0069367166666666
275,275,275,16.5,3.8178373333333333,6.718186333333333,-0.0101172666666665,0.0057270166666666
276,276,276,16.56,2.8865663333333336,7.046264666666667,-0.0106101666666665,0.0043285333333333
277,277,277,16.62,2.6571783333333334,6.954568666666668,-0.0104712333333332,0.0039872333333333
278,278,278,16.68,3.1619035000000006,6.699352333333333,-0.0100866833333332,0.0047492666666667
279,279,279,16.74,3.3774483333333327,6.500138833333333,-0.0097856666666665,0.0050789666666666
280,280,280,16.8,3.3671843333333333,6.303629999999999,-0.0094926999999999,0.0050537
281,281,281,16.86,3.4674923333333325,6.065626333333332,-0.0091344499999999,0.0052055
282,282,282,16.92,3.9424851666666667,5.8444276666666655,-0.0088002666666665,0.00592485
283,283,283,16.98,4.705067999999998,5.809821333333333,-0.0087473833333332,0.0070748333333333
284,284,284,17.04,5.2122571666666655,5.860775166666666,-0.0088283166666665,0.0078223333333333
285,285,285,17.1,4.663212333333333,6.128780833333333,-0.0092318499999999,0.0069947666666667
286,286,286,17.16,3.4727231666666674,6.477460666666667,-0.0097526333333332,0.0052179166666667
287,287,287,17.22,2.6869993333333335,6.650105833333334,-0.0100132999999999,0.0040319333333333
288,288,288,17.28,2.8919435000000004,6.70782,-0.0100979166666665,0.0043491333333333
289,289,289,17.34,3.444360333333333,6.656492666666666,-0.0100182333333332,0.0051905
290,290,290,17.4,3.7850669999999997,6.548003999999999,-0.0098623833333332,0.00567385
291,291,291,17.46,3.8428078333333344,6.433486333333334,-0.0096888833333332,0.0057646166666667
292,292,292,17.52,4.1398746666666675,6.3052995,-0.0094952333333332,0.0062152
293,293,293,17.58,4.804504166666668,6.131075833333335,-0.0092314833333332,0.0072216333333332
294,294,294,17.64,5.598700499999999,5.8714819999999985,-0.0088410833333332,0.0084161999999999
295,295,295,17.7,6.249075499999999,5.839641666666667,-0.0087973333333332,0.0093783833333332
296,296,296,17.76,6.2741405,5.982735666666667,-0.0090075166666665,0.0094358833333333
297,297,297,17.82,5.728249333333333,6.135220166666667,-0.0092385166666665,0.0086082833333333
298,298,298,17.88,5.188502833333333,6.387548166666666,-0.0096196666666665,0.0077899166666666
299,299,299,17.94,4.824923166666666,6.462277666666665,-0.0097268666666665,0.0072650333333333
300,300,300,18.0,5.130306166666667,6.431246166666666,-0.0096847833333332,0.0077046833333333
301,301,301,18.06,5.870644666666666,6.190817166666668,-0.0093221333333332,0.0088225166666667
302,302,302,18.12,6.818384666666666,5.992271833333334,-0.0090246499999999,0.0102431666666666
303,303,303,18.18,7.906515166666665,5.770575166666667,-0.0086912666666665,0.0118796666666667
304,304,304,18.24,8.332690833333334,5.612291666666667,-0.0084453999999999,0.0125532
305,305,305,18.3,8.107417000000002,5.4927866666666665,-0.0082728166666665,0.0121844333333333
306,306,306,18.36,7.879728500000002,5.507317333333333,-0.0082971333333332,0.0118322499999999
307,307,307,18.42,8.070550666666666,5.615639499999999,-0.0084584166666665,0.0121254166666667
308,308,308,18.48,8.471935833333333,5.736335166666666,-0.0086386999999999,0.012735
309,309,309,18.54,8.550220833333332,5.893905166666666,-0.0088740666666665,0.0128604
310,310,310,18.6,8.258969166666665,6.002228166666666,-0.0090396666666665,0.0124099666666666
311,311,311,18.66,7.832255166666666,6.278135333333334,-0.0094533833333332,0.0117737
312,312,312,18.72,7.369212833333334,6.569178166666667,-0.0098894166666665,0.0110865833333332
313,313,313,18.78,6.863284,6.764034999999999,-0.0101840499999999,0.0103180666666666
314,314,314,18.84,6.117876333333334,6.877678333333333,-0.0103575166666665,0.00918375
315,315,315,18.9,5.1868574999999995,6.8580681666666665,-0.0103264666666665,0.0077916166666667
316,316,316,18.96,4.838902166666669,6.773016499999999,-0.0101990333333332,0.0072647499999999
317,317,317,19.02,4.812327666666667,6.5669335,-0.0098885666666665,0.0072273999999999
318,318,318,19.08,5.001261333333335,6.351837333333333,-0.0095677166666665,0.0075003166666667
319,319,319,19.14,5.490595833333333,6.041653666666666,-0.0090948166666665,0.0082620666666667
320,320,320,19.2,5.976618333333333,5.650255333333332,-0.0085004333333332,0.0090133666666667
321,321,321,19.26,6.272954833333334,5.361758666666668,-0.0080775999999999,0.0094186666666667
322,322,322,19.32,5.513235333333332,5.359342999999999,-0.0080725499999999,0.0082806333333333
323,323,323,19.38,4.591835333333335,5.363327833333331,-0.0080794999999999,0.0068921333333332
324,324,324,19.44,4.447819166666665,5.264126833333333,-0.0079312166666665,0.00667265
325,325,325,19.5,4.717271333333334,5.245855166666666,-0.0078980666666665,0.0070954833333333
326,326,326,19.56,5.284733666666666,5.066155333333334,-0.0076319333333332,0.00793605
327,327,327,19.62,5.934590333333333,4.910992833333332,-0.0073936833333332,0.0089284666666667
328,328,328,19.68,6.351095166666667,4.890518666666666,-0.0073667499999999,0.0095428666666667
329,329,329,19.74,6.416903166666667,5.000056166666667,-0.0075341166666665,0.0096336166666666
330,330,330,19.8,6.1635281666666675,5.177000666666667,-0.0077959166666665,0.00926695
331,331,331,19.86,6.267140666666667,5.258463000000001,-0.0079197666666665,0.0094184666666667
332,332,332,19.92,6.713294833333333,5.2700008333333335,-0.0079380999999999,0.0100861666666667
333,333,333,19.98,7.398582000000001,5.2676058333333335,-0.0079387166666665,0.0111015
334,334,334,20.04,8.029062999999999,5.335834000000001,-0.0080332666666665,0.0120800666666667
335,335,335,20.1,8.43621916666667,5.435315666666667,-0.0081775833333332,0.0127138666666666
336,336,336,20.16,8.655827166666667,5.5385643333333325,-0.0083451166666665,0.0129945833333332
337,337,337,20.22,8.572835833333334,5.699684333333333,-0.0085875666666665,0.0128690666666667
338,338,338,20.28,8.294086,5.884414833333334,-0.0088626499999999,0.0124617
339,339,339,20.34,7.283543333333332,6.124278166666667,-0.0092248833333332,0.0109350666666667
340,340,340,20.4,6.305644833333334,6.416600833333333,-0.0096589999999999,0.0094896666666666
341,341,341,20.46,6.018769833333334,6.5828646666666675,-0.0099115666666665,0.0090470666666667
342,342,342,20.52,6.0790099999999985,6.6480809999999995,-0.0100103833333332,0.0091337666666666
343,343,343,20.58,6.050119333333333,6.648216166666666,-0.0100107666666665,0.0090903666666667
344,344,344,20.64,5.8598291666666675,6.691815666666667,-0.0100767333333332,0.0088011833333332
345,345,345,20.7,5.500852499999999,6.838491333333334,-0.0102973833333332,0.0082615666666666
346,346,346,20.76,5.179721333333334,6.915909666666665,-0.0104125666666665,0.0077852333333333
347,347,347,20.82,5.1204920000000005,6.801305999999999,-0.0102409666666665,0.0076931333333333
348,348,348,20.88,4.550852166666665,6.679822833333333,-0.0100610333333332,0.0068225499999999
349,349,349,20.94,4.050504333333333,6.764725333333333,-0.0101860499999999,0.0060827166666666
350,350,350,21.0,3.9380151666666654,6.8867503333333335,-0.0103648333333332,0.0059343666666667
351,351,351,21.06,3.6850208333333354,7.022394833333332,-0.0105747166666665,0.0055269166666667
352,352,352,21.12,3.501695333333333,7.187016666666666,-0.0108216333333332,0.00525415
353,353,353,21.18,3.586898166666667,7.324439333333333,-0.0110270999999999,0.0053886833333333
354,354,354,21.24,4.2371455000000005,7.383246,-0.0111175999999999,0.0063563166666667
355,355,355,21.3,5.062250333333332,7.389170833333334,-0.0111224499999999,0.0076204833333333
356,356,356,21.36,6.043261000000001,7.260371499999999,-0.0109313999999999,0.0090804333333333
357,357,357,21.42,6.915096666666667,7.0843248333333335,-0.0106672999999999,0.0103871666666667
358,358,358,21.48,7.4110689999999995,6.939630833333333,-0.0104481666666665,0.0111415166666666
359,359,359,21.54,7.300999999999998,6.838657333333333,-0.0102971166666665,0.01097255
360,360,360,21.6,6.981399,6.873781999999999,-0.0103487833333332,0.01049815
361,361,361,21.66,6.764176333333334,6.9375955,-0.0104441833333332,0.0101747833333333
362,362,362,21.72,6.980459166666667,6.914474333333333,-0.0104110333333332,0.0104898666666667
363,363,363,21.78,7.283025833333333,6.858018166666667,-0.0103254999999998,0.0109486
364,364,364,21.84,7.5072079999999985,6.782107,-0.0102143666666665,0.01126885
365,365,365,21.9,7.158350666666667,6.785511,-0.0102195833333332,0.0107435166666666
366,366,366,21.96,6.078032333333333,6.870103,-0.0103412333333332,0.0091489166666667
367,367,367,22.02,5.369502166666668,6.903044,-0.0103914999999999,0.0080794166666667
368,368,368,22.08,5.054704999999999,6.988755333333334,-0.0105243499999999,0.0075854833333333
369,369,369,22.14,4.901162833333333,6.9872163333333335,-0.0105192666666665,0.0073683666666667
370,370,370,22.2,4.947541,6.9742055,-0.0105022333333332,0.0074256999999999
371,371,371,22.26,4.272797166666666,7.140894166666666,-0.0107482333333332,0.0064344333333333
372,372,372,22.32,3.9792915000000004,7.304358833333333,-0.0109976666666665,0.0059748833333333
373,373,373,22.38,3.9864620000000013,7.755876,-0.0116775666666665,0.00598185
374,374,374,22.44,3.8989078333333316,8.155350166666668,-0.0122772999999999,0.0058572166666667
375,375,375,22.5,4.0625013333333335,8.485093999999998,-0.0127736666666665,0.0061008
376,376,376,22.56,4.1019065,8.864727833333333,-0.0133441666666665,0.0061675833333333
377,377,377,22.62,3.890775166666667,9.135665333333332,-0.0137518833333332,0.0058475666666666
378,378,378,22.68,3.4931868333333327,9.332545666666666,-0.0140483499999999,0.0052443166666667
379,379,379,22.74,3.026979166666667,9.4955725,-0.0142936499999999,0.00454075
380,380,380,22.8,2.8370713333333337,9.530570666666668,-0.0143461333333332,0.0042644
381,381,381,22.86,3.051121166666666,9.386821000000001,-0.0141302833333332,0.0045734
382,382,382,22.92,3.1995008333333326,9.2185945,-0.0138771499999999,0.0047974833333333
383,383,383,22.98,3.408449666666667,9.074864499999999,-0.0136587166666665,0.0051526666666667
384,384,384,23.04,3.7076211666666676,8.7790315,-0.0132161999999999,0.0055619166666666
385,385,385,23.1,3.7321,8.3922365,-0.0126352999999999,0.0055909333333333
386,386,386,23.16,3.780401500000001,7.947790499999999,-0.0119643333333332,0.0056849
387,387,387,23.22,3.767937166666666,7.476780999999999,-0.0112584833333332,0.0056489833333333
388,388,388,23.28,3.623328999999999,6.9699165,-0.0104913666666665,0.0054544666666667
389,389,389,23.34,3.8205478333333334,6.419831666666666,-0.0096659999999999,0.0057413833333333
390,390,390,23.4,3.737297,5.910153333333334,-0.0089020833333332,0.0056062
391,391,391,23.46,3.4247088333333338,5.538350166666667,-0.0083383333333332,0.0051491833333333
392,392,392,23.52,2.8821303333333335,5.172491666666668,-0.0077884833333332,0.0043317166666666
393,393,393,23.58,2.0316751666666666,4.952490166666666,-0.0074612833333332,0.0030428499999999
394,394,394,23.64,1.3344481666666659,4.937123833333334,-0.0074333166666665,0.0020047
395,395,395,23.7,1.2415241666666672,5.099735500000001,-0.0076807333333332,0.0018589833333333
396,396,396,23.76,1.4602781666666664,5.271499333333333,-0.0079424666666665,0.0021803666666666
397,397,397,23.82,1.4196284999999995,5.480317333333333,-0.0082560166666665,0.0021202833333333
398,398,398,23.88,1.4255713333333335,5.700417833333334,-0.0085847999999999,0.0021347666666666
399,399,399,23.94,1.6939188333333335,5.901033166666667,-0.0088807166666665,0.0025546333333333
400,400,400,24.0,1.9123421666666665,6.1851451666666675,-0.0093134333333332,0.0028679333333333
401,401,401,24.06,1.8350856666666666,6.384593666666668,-0.0096163166666665,0.00274255
402,402,402,24.12,1.5899071666666655,6.618934166666667,-0.0099649499999999,0.00238715
403,403,403,24.18,1.2225118333333334,6.865244166666665,-0.0103387333333332,0.0018233166666666
404,404,404,24.24,0.5554271666666666,7.186846500000001,-0.0108194999999999,0.0008303
405,405,405,24.3,0.1981885000000001,7.450352500000001,-0.0112153499999999,0.0002953666666666
406,406,406,24.36,-0.05589433333333349,7.708572666666666,-0.0116059333333332,-9.586666666669992e-05
407,407,407,24.42,-0.2786641666666668,7.825943166666668,-0.0117803333333332,-0.0004208666666667
408,408,408,24.48,0.011179833333333056,7.8076436666666655,-0.0117537499999999,1.0766666666599908e-05
409,409,409,24.54,0.17645083333333333,7.737310166666666,-0.0116478333333332,0.00025905
410,410,410,24.6,0.1847458333333334,7.6820423333333325,-0.0115643166666666,0.00027405
411,411,411,24.66,0.03761116666666642,7.634528999999999,-0.0114936499999999,4.923333333330007e-05
412,412,412,24.72,-0.18299016666666656,7.4952301666666665,-0.0112845499999999,-0.00028435
413,413,413,24.78,-0.02943600000000013,7.289230166666665,-0.0109754833333332,-5.628333333330005e-05
414,414,414,24.84,0.5737969999999997,7.112416666666667,-0.0107071166666665,0.0008594499999999
415,415,415,24.9,1.3674281666666666,6.814788166666666,-0.0102533666666665,0.0020749833333333
416,416,416,24.96,1.8255929999999996,6.347890833333332,-0.0095621166666665,0.0027259666666667
417,417,417,25.02,0.8327221666666669,6.460647499999999,-0.0097299833333332,0.0012380666666667
418,418,418,25.08,-1.0659961666666669,6.777202666666666,-0.0102053333333332,-0.0016148666666665
419,419,419,25.14,-3.3169714999999997,7.397434166666667,-0.0111433499999999,-0.0050134999999999
420,420,420,25.2,-5.630034500000001,7.865707333333332,-0.0118379833333332,-0.0084718999999999
421,421,421,25.26,-6.6340786666666665,7.9195968333333315,-0.0119192666666665,-0.0099838833333332
422,422,422,25.32,-6.4183511666666675,7.6789635,-0.0115605666666665,-0.0096637833333332
423,423,423,25.38,-6.109666333333334,7.467399666666666,-0.0112418166666665,-0.0091985999999999
424,424,424,25.44,-5.616963833333333,7.356789666666667,-0.0110766333333332,-0.0084593499999999
425,425,425,25.5,-4.558116833333333,7.192805166666666,-0.0108307666666665,-0.0068678166666665
426,426,426,25.56,-3.6075005000000004,7.120876000000001,-0.0107208166666665,-0.0054346833333332
427,427,427,25.62,-2.9317593333333334,7.077113666666668,-0.0106572166666665,-0.0044231833333332
428,428,428,25.68,-2.760624,7.199820333333333,-0.0108416333333332,-0.0041656833333331
429,429,429,25.74,-2.6427994999999997,7.389193666666666,-0.0111244666666665,-0.0039832166666665
430,430,430,25.8,-2.1364460000000003,7.487252499999999,-0.0112738499999999,-0.0032268166666665
431,431,431,25.86,-1.6067001666666667,7.780446333333331,-0.0117110999999999,-0.0024169166666665
432,432,432,25.92,-1.4568158333333332,8.1532055,-0.0122729833333332,-0.0021952333333332
433,433,433,25.98,-1.3299233333333333,8.440001333333331,-0.0127061166666665,-0.0020127999999998
434,434,434,26.04,-1.146407,8.470508833333332,-0.0127512833333332,-0.0017322833333331
435,435,435,26.1,-0.7770761666666667,8.153438333333332,-0.0122744499999999,-0.0011775166666665
436,436,436,26.16,-0.41861216666666684,7.834855499999997,-0.0117935999999999,-0.0006310833333334
437,437,437,26.22,-0.04052000000000022,7.55773,-0.0113775499999999,-6.61333333333001e-05
438,438,438,26.28,0.09083549999999974,7.1953570000000004,-0.0108337833333332,0.0001261333333333
439,439,439,26.34,-0.09948050000000008,6.9966215,-0.0105338333333332,-0.0001569166666666
440,440,440,26.4,-0.1343011666666667,6.703633666666668,-0.0100914666666665,-0.0002048666666667
441,441,441,26.46,-0.37156000000000006,6.474618166666667,-0.0097481999999999,-0.0005651
442,442,442,26.52,-1.2136120000000001,6.356069333333333,-0.0095733166666665,-0.0018402499999998
443,443,443,26.58,-2.8030443333333332,6.221454833333335,-0.0093722333333332,-0.0042323833333332
444,444,444,26.64,-5.141363666666666,6.155919333333332,-0.0092727833333332,-0.0077467999999999
445,445,445,26.7,-6.908873000000001,6.0690081666666655,-0.0091370333333332,-0.0104008499999998
446,446,446,26.76,-7.683348333333335,5.940551999999999,-0.0089463833333332,-0.0115672666666665
447,447,447,26.82,-8.342896666666668,5.812083999999999,-0.0087451999999999,-0.0125577333333332
448,448,448,26.88,-8.294905666666667,5.628547999999998,-0.0084775666666665,-0.0124871499999998
449,449,449,26.94,-7.764990166666667,5.588307333333333,-0.0084206666666665,-0.0116912833333332
450,450,450,27.0,-6.585544833333332,5.578888,-0.0084022499999999,-0.0099159666666665
451,451,451,27.06,-4.904792666666666,5.646634333333332,-0.0085046833333332,-0.0073881499999999
452,452,452,27.12,-2.9651578333333335,5.703730333333333,-0.0085878499999999,-0.0044670333333332
453,453,453,27.18,-0.8348500000000001,5.682970333333333,-0.0085566666666665,-0.0012616999999999
454,454,454,27.24,1.4131725000000004,5.652163166666666,-0.0085112499999999,0.0021185166666667
455,455,455,27.3,3.5067863333333333,5.607778500000001,-0.0084488166666665,0.0052546666666666
456,456,456,27.36,4.016136333333334,5.933367666666667,-0.0089346499999999,0.0060339166666666
457,457,457,27.42,4.488505666666667,6.3117383333333335,-0.0095020666666665,0.0067511
458,458,458,27.48,4.662505499999998,6.727623666666666,-0.0101301999999999,0.0070025666666667
459,459,459,27.54,4.173332666666666,7.0938425,-0.0106799666666665,0.0062729666666667
460,460,460,27.6,3.4756911666666666,7.366349333333332,-0.0110912833333332,0.0052156
461,461,461,27.66,2.530977833333333,7.611815333333333,-0.0114611833333332,0.0037906
462,462,462,27.72,1.2608346666666668,7.839791166666666,-0.0117999999999999,0.0019022833333333
463,463,463,27.78,-0.115649,7.878023999999999,-0.0118617333333332,-0.0001895666666667
464,464,464,27.84,-1.6685795,7.907303166666666,-0.0119068833333332,-0.0025295833333331
465,465,465,27.9,-2.4147428333333334,7.9171706666666655,-0.0119167833333332,-0.0036326333333332
466,466,466,27.96,-1.9352701666666667,7.790813833333332,-0.0117301833333332,-0.0029238833333332
467,467,467,28.02,-0.8536073333333334,7.610763666666666,-0.0114583499999999,-0.0012932833333332
468,468,468,28.08,0.7150778333333334,7.5068269999999995,-0.0112981499999999,0.0010830166666666
469,469,469,28.14,2.5283771666666666,7.044528833333333,-0.0106072833333332,0.0037909333333333
470,470,470,28.2,3.5410053333333336,6.675869333333333,-0.0100526333333332,0.005315
471,471,471,28.26,4.066437833333332,6.507518166666667,-0.0097951833333332,0.0061219833333333
472,472,472,28.32,4.631498499999999,6.353762833333334,-0.0095676166666665,0.0069569833333332
473,473,473,28.38,5.335969166666666,6.189217833333332,-0.0093200666666665,0.00801675
474,474,474,28.44,5.830167666666665,6.111817500000001,-0.0092021333333332,0.00876565
475,475,475,28.5,6.058367333333334,5.948173333333333,-0.0089584333333332,0.0090995166666665
476,476,476,28.56,5.970992666666666,5.926784333333333,-0.0089301166666665,0.0089534
477,477,477,28.62,5.254824833333333,6.109026666666666,-0.0091972999999999,0.0079031333333333
478,478,478,28.68,3.952011333333333,6.345366166666666,-0.0095501333333332,0.0059533833333333
479,479,479,28.74,2.939382166666666,6.500355999999999,-0.0097906666666665,0.0044025666666667
480,480,480,28.8,2.0586291666666656,6.664090333333333,-0.0100327499999999,0.0030928333333333
481,481,481,28.86,1.7566161666666669,6.772435833333334,-0.0101973166666665,0.0026329499999999
482,482,482,28.92,2.0625581666666664,6.6716903333333315,-0.0100469166666665,0.0030892
483,483,483,28.98,2.6565083333333335,6.548612833333333,-0.0098579499999999,0.0039959666666666
484,484,484,29.04,3.3749993333333332,6.350338000000001,-0.0095631499999999,0.0050648166666667
485,485,485,29.1,3.5627448333333334,6.314754666666666,-0.0095110166666665,0.0053418833333333
486,486,486,29.16,3.6509533333333337,6.400070999999999,-0.0096367833333332,0.00548405
487,487,487,29.22,4.740118,6.434830333333334,-0.0096898499999999,0.0071194833333333
488,488,488,29.28,6.040442333333333,6.414858833333334,-0.0096551666666665,0.0090959333333332
489,489,489,29.34,6.945797999999999,6.141728166666665,-0.0092525499999999,0.0104212166666667
490,490,490,29.4,7.818283166666667,5.738565833333333,-0.0086450666666665,0.0117385999999999
491,491,491,29.46,8.847372166666666,5.495489666666668,-0.0082727333333332,0.0133147333333333
492,492,492,29.52,9.593009166666668,5.535681666666666,-0.0083378166666665,0.01441655
493,493,493,29.58,9.773105333333337,5.816733833333333,-0.0087584333333332,0.0146979833333334
494,494,494,29.64,9.234016166666667,6.243931166666667,-0.0093932666666665,0.0139273666666667
495,495,495,29.7,7.701479500000001,6.734938166666667,-0.0101456999999999,0.0115491666666667
496,496,496,29.76,5.1723246666666665,7.332286833333334,-0.0110415833333332,0.0077591666666667
497,497,497,29.82,3.804407666666667,7.757012166666666,-0.0116784499999999,0.0057126333333333
498,498,498,29.88,3.610724666666667,8.019669333333333,-0.0120734999999999,0.0054212166666666
499,499,499,29.94,3.543088000000001,8.096562666666665,-0.0121872333333332,0.0053339666666666
500,500,500,30.0,3.698013500000001,8.083678166666665,-0.0121693166666665,0.005556
501,501,501,30.06,4.1359829999999995,7.8674851666666665,-0.0118456333333332,0.00620425
502,502,502,30.12,4.505260166666665,7.593400000000001,-0.0114313333333332,0.0067727666666667
503,503,503,30.18,4.9359269999999995,7.302661833333333,-0.0109961166666665,0.0074081999999999
504,504,504,30.24,5.356448,7.118853166666667,-0.0107206499999999,0.0080358666666667
505,505,505,30.3,5.552623000000001,6.982301833333333,-0.0105130999999999,0.0083422833333333
506,506,506,30.36,5.722169166666666,6.758246833333333,-0.0101818999999999,0.00856945
507,507,507,30.42,5.817350666666667,6.546748333333333,-0.0098565333333332,0.0087474666666667
508,508,508,30.48,6.133850833333333,6.3147275,-0.0095044833333332,0.0092355333333332
509,509,509,30.54,6.483459166666666,6.038386333333333,-0.0090892166666665,0.0097592166666666
510,510,510,30.6,6.963160166666667,5.774241000000001,-0.0086923333333332,0.0104789833333333
511,511,511,30.66,7.487463,5.630166000000001,-0.0084807666666665,0.01124685
512,512,512,30.72,7.944826666666668,5.665950666666666,-0.0085338666666665,0.0119375166666667
513,513,513,30.78,8.372447166666669,5.805336333333333,-0.0087427333333332,0.01258385
514,514,514,30.84,8.710769333333333,5.957528999999998,-0.0089686999999999,0.0131063666666666
515,515,515,30.9,8.9190885,6.247597,-0.0094073666666665,0.0134089166666666
516,516,516,30.96,8.586522999999996,6.677989500000002,-0.0100545499999999,0.0129102166666665
517,517,517,31.02,7.822731166666667,7.093306833333333,-0.0106815499999999,0.01174805
518,518,518,31.08,6.763190666666667,7.4975555,-0.0112881499999999,0.0101632333333333
519,519,519,31.14,5.511365333333334,7.8150245,-0.0117663999999999,0.0082749666666667
520,520,520,31.2,3.992185833333334,8.1221065,-0.0122272999999999,0.0059978666666666
521,521,521,31.26,2.9336801666666665,8.319958833333333,-0.0125247833333332,0.0044072
522,522,522,31.32,2.4576686666666663,8.518090166666665,-0.0128225166666665,0.0036939499999999
523,523,523,31.38,2.190321,8.494798666666668,-0.0127878666666665,0.0032878166666666
524,524,524,31.44,1.9537473333333333,8.204828833333332,-0.0123522833333332,0.0029271833333333
525,525,525,31.5,2.2003895,7.7463679999999995,-0.0116589499999999,0.0033185
526,526,526,31.56,2.7674309999999998,7.250018666666666,-0.0109140499999999,0.0041614666666666
527,527,527,31.62,3.1002184999999995,6.845494333333334,-0.0103106333333332,0.00464005
528,528,528,31.68,3.2909558333333333,6.618944833333334,-0.0099668833333332,0.0049389166666667
529,529,529,31.74,3.3278603333333328,6.534661999999999,-0.0098409333333332,0.0049917166666667
530,530,530,31.8,3.098320166666666,6.471465833333334,-0.0097424333333332,0.0046590666666667
531,531,531,31.86,3.0629818333333327,6.423192666666665,-0.0096702666666665,0.0046046
532,532,532,31.92,3.298085500000001,6.395281499999999,-0.0096319999999999,0.0049445166666666
533,533,533,31.98,3.5283801666666665,6.431722500000001,-0.0096859999999999,0.0052932
534,534,534,32.04,3.6674188333333335,6.419947833333334,-0.0096669499999999,0.0055078666666666
535,535,535,32.1,3.7342819999999994,6.381053666666667,-0.0096090333333332,0.00560585
536,536,536,32.16,3.950422333333333,6.409804666666667,-0.0096515999999999,0.0059343
537,537,537,32.22,4.031078333333332,6.6140221666666665,-0.0099582166666665,0.00605675
538,538,538,32.28,3.8494191666666664,6.672042666666666,-0.0100465166666665,0.0057802
539,539,539,32.34,3.213102666666667,6.626454166666669,-0.0099789833333332,0.0048189333333333
540,540,540,32.4,2.4268019999999995,6.597882666666667,-0.0099328833333332,0.0036478833333333
541,541,541,32.46,2.0550903333333337,6.777207833333332,-0.0102049499999999,0.0030809833333333
542,542,542,32.52,1.6801390000000005,7.1916105,-0.0108231333333332,0.0025378333333333
543,543,543,32.58,1.7368223333333335,7.515308999999999,-0.0113141666666665,0.0026057333333333
544,544,544,32.64,1.796335,7.985117166666666,-0.0120227166666665,0.0026850833333333
545,545,545,32.7,1.3467003333333332,8.575876,-0.0129100499999999,0.0020176666666667
546,546,546,32.76,0.9023033333333332,8.901419500000001,-0.0133994166666665,0.00135155
547,547,547,32.82,0.521081166666667,8.894488,-0.0133898833333332,0.0007699999999999
548,548,548,32.88,0.46114316666666677,8.7449115,-0.0131635666666665,0.0006915166666666
549,549,549,32.94,0.5965893333333334,8.505509833333335,-0.0128049166666665,0.0008829666666666
550,550,550,33.0,0.6103061666666669,8.377879499999999,-0.0126123833333332,0.0009080666666665
551,551,551,33.06,0.3694974999999998,8.199727333333334,-0.0123453666666665,0.0005399833333332
552,552,552,33.12,0.1077703333333333,8.052001833333332,-0.0121223166666665,0.0001510999999999
553,553,553,33.18,0.13645466666666695,7.905325166666667,-0.0118973999999999,0.0002163
554,554,554,33.24,0.5035365,7.556971833333332,-0.0113774833333332,0.000748
555,555,555,33.3,0.9025536666666669,7.140202333333333,-0.0107511999999999,0.00134575
556,556,556,33.36,1.5723860000000007,6.616689166666666,-0.0099697999999999,0.0023328833333333
557,557,557,33.42,1.8664041666666669,6.299780166666666,-0.0094781999999999,0.0028235499999998
558,558,558,33.48,1.8988446666666663,6.152446666666666,-0.0092574666666665,0.0028688666666666
559,559,559,33.54,1.9422708333333336,6.112043166666666,-0.0092061999999999,0.0029048166666665
560,560,560,33.6,1.5924158333333338,6.272697000000001,-0.0094398999999999,0.0024034
561,561,561,33.66,1.2985280000000006,6.433781333333332,-0.0096872833333332,0.0019456833333333
562,562,562,33.72,0.696337666666667,6.6271895,-0.0099795333333332,0.0010355833333332
563,563,563,33.78,-0.01228750000000034,6.905777666666666,-0.0103962166666665,-2.2766666666699945e-05
564,564,564,33.84,-0.5381930000000003,7.169978500000001,-0.0107950666666665,-0.0008185
565,565,565,33.9,-0.8573438333333334,7.431402333333333,-0.0111889499999999,-0.0013003666666665
566,566,566,33.96,-0.9389053333333333,7.705087999999999,-0.0116008499999999,-0.0014239999999998
567,567,567,34.02,-1.1276831666666667,7.917763,-0.0119180999999999,-0.0016967833333331
568,568,568,34.08,-1.3366171666666666,8.093471833333334,-0.0121833333333332,-0.0020148166666665
569,569,569,34.14,-1.5719066666666668,8.229245,-0.0123892333333332,-0.0023763666666665
570,570,570,34.2,-1.7022616666666668,8.328045833333334,-0.0125370166666665,-0.0025681833333332
571,571,571,34.26,-1.9574198333333335,8.378274666666666,-0.0126149166666665,-0.0029640833333331
572,572,572,34.32,-2.735748,8.426542333333334,-0.0126858833333332,-0.0041263499999998
573,573,573,34.38,-4.019758333333334,8.505327000000001,-0.0128035666666665,-0.0060543333333332
574,574,574,34.44,-5.1233569999999995,8.458220833333334,-0.0127330166666665,-0.0077160166666665
575,575,575,34.5,-5.406315833333332,8.191654166666668,-0.0123315499999999,-0.0081404166666665
576,576,576,34.56,-5.1461421666666665,7.808344833333332,-0.0117568499999999,-0.0077528333333332
577,577,577,34.62,-4.846096,7.5808185,-0.0114115499999999,-0.0072959499999999
578,578,578,34.68,-4.3986114999999995,7.262428499999999,-0.0109330833333332,-0.0066235333333332
579,579,579,34.74,-3.784768666666666,6.964042000000001,-0.0104856999999999,-0.0057030166666665
580,580,580,34.8,-3.108076,6.6697074999999995,-0.0100414999999999,-0.0046821333333331
581,581,581,34.86,-2.437434333333333,6.543647833333334,-0.0098530833333332,-0.0036760999999998
582,582,582,34.92,-2.3271801666666665,6.664765,-0.0100348999999999,-0.0035089666666665
583,583,583,34.98,-2.465162166666667,6.857594833333332,-0.0103245166666665,-0.0037153166666665
584,584,584,35.04,-2.689144333333333,7.039278500000001,-0.0105975166666665,-0.0040521499999998
585,585,585,35.1,-2.8237525,7.1469074999999975,-0.0107597999999999,-0.0042549999999998
586,586,586,35.16,-2.9763363333333337,7.262958499999999,-0.0109361166666665,-0.0044891333333332
587,587,587,35.22,-2.974876333333333,7.411585166666664,-0.0111579499999999,-0.0044818833333332
588,588,588,35.28,-3.1175268333333332,7.607577333333333,-0.0114496499999999,-0.0046881833333332
589,589,589,35.34,-3.448933666666666,7.703824666666666,-0.0116001499999999,-0.0052022833333332
590,590,590,35.4,-4.2334505,7.839786166666668,-0.0118033666666665,-0.0063788666666665
591,591,591,35.46,-4.942059333333334,7.990514,-0.0120287833333332,-0.0074416499999999
592,592,592,35.52,-4.9394488333333335,8.013917666666666,-0.0120647833333332,-0.0074394499999999
593,593,593,35.58,-4.451427166666667,8.048057,-0.0121147999999999,-0.0067016333333332
594,594,594,35.64,-3.6659438333333334,7.944257666666667,-0.0119598999999999,-0.0055236166666665
595,595,595,35.7,-2.9193661666666673,7.8408275,-0.0118038666666665,-0.0043992666666665
596,596,596,35.76,-2.211259666666667,7.724498333333331,-0.0116290166666665,-0.0033342499999998
597,597,597,35.82,-1.3129688333333334,7.6005061666666665,-0.0114426499999999,-0.0019832999999998
598,598,598,35.88,-0.2613328333333337,7.467569166666666,-0.0112408499999999,-0.0003946166666667
599,599,599,35.94,0.47304449999999965,7.440238333333332,-0.0112017999999999,0.0007017333333332
600,600,600,36.0,-0.06361033333333344,7.735399,-0.0116459666666665,-0.0001056833333333
601,601,601,36.06,-1.1790888333333331,8.069231833333335,-0.0121474499999999,-0.0017805499999999
602,602,602,36.12,-2.2091675000000004,8.291373833333333,-0.0124831499999999,-0.0033371833333332
603,603,603,36.18,-3.1540966666666677,8.434633833333333,-0.0126959833333332,-0.0047468499999998
604,604,604,36.24,-3.6940144999999998,8.3309825,-0.0125417333333332,-0.0055659999999998
605,605,605,36.3,-4.3558365,8.30075916666667,-0.0124965833333332,-0.0065625333333332
606,606,606,36.36,-4.907369833333333,8.1698435,-0.0122994333333332,-0.0073915333333332
607,607,607,36.42,-5.0369765,7.944246000000001,-0.0119603166666665,-0.0075872333333332
608,608,608,36.48,-4.706296666666667,7.632582166666667,-0.0114892999999999,-0.0070850499999999
609,609,609,36.54,-4.201146,7.264276333333333,-0.0109373166666665,-0.0063291833333332
610,610,610,36.6,-3.6151191666666667,6.990799333333334,-0.0105259499999999,-0.0054478333333332
611,611,611,36.66,-3.0168451666666676,6.786348833333334,-0.0102173833333332,-0.0045458499999997
612,612,612,36.72,-2.2811185,6.544322166666667,-0.0098535333333332,-0.0034394499999998
613,613,613,36.78,-1.3875071666666665,6.450336666666666,-0.0097128666666665,-0.0020966999999998
614,614,614,36.84,-0.5914735000000001,6.295629833333334,-0.0094773166666665,-0.0008922
615,615,615,36.9,-0.14577466666666672,6.1626715,-0.0092820666666665,-0.0002335833333333
616,616,616,36.96,-0.5724178333333334,6.2969254999999995,-0.0094827333333332,-0.0008718333333334
617,617,617,37.02,-1.0779661666666667,6.6392795,-0.0099912166666665,-0.0016161166666665
618,618,618,37.08,-1.5264523333333333,6.974690166666666,-0.0105019499999999,-0.0023065333333332
619,619,619,37.14,-1.967563,7.301366333333333,-0.0109948333333332,-0.0029743166666665
620,620,620,37.2,-2.570954,7.760074833333333,-0.0116824666666665,-0.0038753833333332
621,621,621,37.26,-3.1415838333333337,8.220705666666666,-0.0123776833333332,-0.0047420166666665
622,622,622,37.32,-3.9409886666666663,8.734889833333334,-0.0131485333333332,-0.0059339166666665
623,623,623,37.38,-4.378922166666667,9.039132166666667,-0.0136064166666665,-0.0065926333333332
624,624,624,37.44,-4.332970166666668,9.17159466666667,-0.0138062833333332,-0.0065277666666665
625,625,625,37.5,-3.817687,9.153312833333334,-0.0137783999999999,-0.0057493999999999
626,626,626,37.56,-2.6391965,8.974520333333334,-0.0135094999999999,-0.0039771833333332
627,627,627,37.62,-0.8786578333333334,8.624645000000001,-0.0129824833333332,-0.0013235999999999
628,628,628,37.68,1.4111543333333332,8.015250666666665,-0.0120653833333332,0.0021218833333333
629,629,629,37.74,2.633668666666667,7.605644666666666,-0.0114522999999999,0.0039435
630,630,630,37.8,1.8474795000000004,8.024941666666667,-0.0120831333333332,0.0027592
631,631,631,37.86,0.6690300000000002,8.566111333333334,-0.0128945999999999,0.0010034333333333
632,632,632,37.92,0.04373483333333317,8.914388333333333,-0.0134178666666665,7.183333333330008e-05
633,633,633,37.98,-0.5805506666666665,9.113803,-0.0137199166666665,-0.0008905833333333
634,634,634,38.04,-1.2681025000000001,9.188747000000003,-0.0138316666666665,-0.0019121999999998
635,635,635,38.1,-1.5505465000000003,9.060129333333332,-0.0136386166666665,-0.0023414666666665
636,636,636,38.16,-1.5342878333333334,8.8493525,-0.0133214333333332,-0.0023171166666665
637,637,637,38.22,-1.1287581666666666,8.552924999999998,-0.0128746833333332,-0.0017013999999998
638,638,638,38.28,-0.5135976666666664,8.256431666666666,-0.0124295666666665,-0.0007816
639,639,639,38.34,-0.01258516666666687,8.067441666666667,-0.0121452333333332,-2.8333333333299945e-05
640,640,640,38.4,0.4531896666666664,7.900801000000001,-0.0118933666666665,0.00067855
641,641,641,38.46,0.7116095000000002,7.794664833333331,-0.0117342833333332,0.0010646833333333
642,642,642,38.52,0.518058166666667,7.748262833333334,-0.0116648833333332,0.0007714166666667
643,643,643,38.58,-0.20086500000000007,7.741496333333332,-0.0116548333333332,-0.0003109333333333
644,644,644,38.64,-0.9999858333333332,7.729098333333332,-0.0116357833333332,-0.0015116166666665
645,645,645,38.7,-1.4054998333333333,7.701459166666666,-0.0115961333333332,-0.0021286499999998
646,646,646,38.76,-1.6036831666666669,7.762490333333332,-0.0116887999999999,-0.0024301166666665
647,647,647,38.82,-1.0984178333333334,7.736077666666667,-0.0116454499999999,-0.0016559833333332
648,648,648,38.88,0.06197866666666685,7.610908166666666,-0.0114546333333332,0.00010015
649,649,649,38.94,1.5835381666666666,7.374316833333332,-0.0111027833333332,0.0023722833333333
650,650,650,39.0,3.5971895,7.028056833333334,-0.0105795499999999,0.00541185
651,651,651,39.06,4.838064666666667,6.768750666666667,-0.0101950166666665,0.0072539333333333
652,652,652,39.12,4.952341333333335,6.860651333333332,-0.0103284333333332,0.0074479166666667
653,653,653,39.18,5.030989,7.1660898333333325,-0.0107872333333332,0.0075696
654,654,654,39.24,4.847683666666667,7.5059344999999995,-0.0113019499999999,0.0072751666666667
655,655,655,39.3,3.956268333333334,7.949272333333332,-0.0119657333333332,0.0059545333333333
656,656,656,39.36,3.027655666666666,8.265331666666665,-0.0124432499999999,0.0045425833333333
657,657,657,39.42,2.2701029999999998,8.388900499999997,-0.0126288499999999,0.0034058333333333
658,658,658,39.48,1.9018868333333332,8.513218,-0.0128152499999999,0.0028567666666665
659,659,659,39.54,1.5959585000000005,8.613755666666668,-0.0129666499999999,0.0023951833333333
660,660,660,39.6,1.7026266666666667,8.536313166666668,-0.0128503166666665,0.0025551166666666
661,661,661,39.66,2.039014166666667,8.404122333333333,-0.0126518833333332,0.0030566833333333
662,662,662,39.72,2.3464798333333334,8.279445666666668,-0.0124653833333332,0.0035114666666666
663,663,663,39.78,2.5713595000000007,8.157793999999999,-0.0122806999999999,0.0038621999999999
664,664,664,39.84,2.4780441666666664,8.1155285,-0.0122151499999999,0.00373535
665,665,665,39.9,2.1301581666666665,8.080633666666666,-0.0121657666666665,0.0031907
666,666,666,39.96,1.6990916666666669,7.9816365,-0.0120172333333332,0.0025402666666667
667,667,667,40.02,1.646401833333333,7.835001166666666,-0.0117953999999998,0.0024684833333333
668,668,668,40.08,1.8531046666666668,7.707297833333333,-0.0116017499999999,0.0027874833333332
669,669,669,40.14,2.2244356666666665,7.548729833333335,-0.0113649666666665,0.0033373666666666
670,670,670,40.2,2.584282000000001,7.470575666666668,-0.0112465999999999,0.0038821
671,671,671,40.26,2.9061100000000004,7.438819999999999,-0.0111989499999999,0.00436635
672,672,672,40.32,2.745335166666667,7.529645333333334,-0.0113364166666665,0.0041204166666667
673,673,673,40.38,2.5426173333333337,7.668234999999998,-0.0115453499999999,0.0038121666666666
674,674,674,40.44,2.2414613333333326,7.840000666666666,-0.0118030833333332,0.0033627166666667
675,675,675,40.5,2.017071666666667,8.001776000000001,-0.0120472333333332,0.0030204666666666
676,676,676,40.56,1.7881231666666664,8.0879225,-0.0121764166666665,0.0026785666666667
677,677,677,40.62,1.3724048333333334,8.1872415,-0.0123256499999999,0.0020545833333332
678,678,678,40.68,1.447073333333333,8.242701333333335,-0.0124102499999999,0.0021586833333333
679,679,679,40.74,1.911914666666667,8.283448666666667,-0.0124687833333332,0.0028774666666666
680,680,680,40.8,2.7479510000000005,8.232585833333335,-0.0123927499999999,0.0041314666666667
681,681,681,40.86,3.8928728333333327,8.044560166666665,-0.0121114499999999,0.0058425833333333
682,682,682,40.92,4.7440125,7.783856833333332,-0.0117188166666665,0.0071259999999999
683,683,683,40.98,5.615896333333333,7.584919999999998,-0.0114212999999999,0.0084258333333332
684,684,684,41.04,6.195425333333334,7.517495666666666,-0.0113163666666665,0.0093209
685,685,685,41.1,6.595301333333333,7.439194166666664,-0.0111988166666665,0.0099206333333333
686,686,686,41.16,7.132593166666667,7.4525163333333335,-0.0112204666666665,0.0107189166666667
687,687,687,41.22,7.147647166666665,7.676657666666667,-0.0115566833333332,0.0107482
688,688,688,41.28,6.903927,7.924052166666668,-0.0119290833333332,0.0103804833333333
689,689,689,41.34,6.382315500000001,8.227244833333334,-0.0123861333333332,0.0095871666666666
690,690,690,41.4,5.445750333333333,8.574835,-0.0129077166666665,0.00819145
691,691,691,41.46,4.326444666666666,8.868195166666666,-0.0133500333333332,0.00649595
692,692,692,41.52,3.141936,9.172997,-0.0138081833333332,0.0047193666666667
693,693,693,41.58,2.018131833333333,9.422985166666667,-0.0141843499999999,0.0030265333333333
694,694,694,41.64,1.2231465000000004,9.495835166666664,-0.0142942166666665,0.0018203999999999
695,695,695,41.7,0.6142418333333333,9.532534666666667,-0.0143491833333332,0.0009149333333332
696,696,696,41.76,0.3309568333333335,9.376326833333332,-0.0141136833333332,0.0005031166666666
697,697,697,41.82,0.26053400000000004,9.03811516666667,-0.0136055333333332,0.0003815666666666
698,698,698,41.88,0.09710216666666627,8.726523833333333,-0.0131365666666665,0.0001379
699,699,699,41.94,0.02903749999999994,8.420831,-0.0126766333333332,3.625000000000004e-05
700,700,700,42.0,0.14345566666666654,8.089802,-0.0121785833333332,0.0002078833333333
701,701,701,42.06,0.5123529999999998,7.789559833333333,-0.0117259666666665,0.0007676166666667
702,702,702,42.12,1.0002428333333335,7.655997833333331,-0.0115265999999999,0.0014944666666667
703,703,703,42.18,1.6084011666666669,7.624429666666666,-0.0114792999999999,0.0024083333333333
704,704,704,42.24,2.622532666666667,7.365531999999999,-0.0110872833333332,0.0039466833333333
705,705,705,42.3,3.6248959999999997,7.205905833333333,-0.0108466333333332,0.0054565166666667
706,706,706,42.36,3.8500121666666667,7.2304425,-0.0108859833333332,0.0057839666666667
707,707,707,42.42,3.4281723333333334,7.405622833333333,-0.0111492333333332,0.0051499
708,708,708,42.48,2.6476296666666665,7.583845666666666,-0.0114180333333332,0.00397265
709,709,709,42.54,1.9933771666666655,7.659374000000001,-0.0115317833333332,0.0029876666666667
710,710,710,42.6,1.2526796666666664,7.743984666666665,-0.0116590666666665,0.0018735
711,711,711,42.66,0.6259101666666662,7.851686666666667,-0.0118221999999999,0.0009247833333333
712,712,712,42.72,0.011714499999999961,7.985918499999999,-0.0120191499999999,2.610000000000004e-05
713,713,713,42.78,-0.368082166666667,7.958912999999999,-0.0119821666666665,-0.0005634333333333
714,714,714,42.84,-0.7000620000000003,7.922176666666666,-0.0119285333333332,-0.00107045
715,715,715,42.9,-0.729261,7.832716,-0.0117913166666665,-0.0011029
716,716,716,42.96,-0.33092083333333316,7.706051499999998,-0.0116023499999999,-0.0005095
717,717,717,43.02,0.06075550000000007,7.594963833333335,-0.0114342499999999,8.365e-05
718,718,718,43.08,0.3289710000000001,7.4038631666666666,-0.0111456666666665,0.0004909833333332
719,719,719,43.14,0.5400501666666666,7.287457833333334,-0.0109704166666665,0.00080955
720,720,720,43.2,0.38491083333333354,7.275003666666666,-0.0109528833333332,0.0005711666666666
721,721,721,43.26,0.2674289999999997,7.288422166666665,-0.0109736166666665,0.0003922
722,722,722,43.32,0.19434849999999992,7.4413893333333325,-0.0112028999999999,0.0002852166666666
723,723,723,43.38,-0.025826166666666817,7.627569166666668,-0.0114832666666665,-4.6816666666700014e-05
724,724,724,43.44,-0.35238966666666677,7.745031166666666,-0.0116600166666665,-0.0005381
725,725,725,43.5,-0.6701128333333335,7.895304166666666,-0.0118861833333332,-0.0010162833333333
726,726,726,43.56,-0.8799115000000001,8.051425499999999,-0.0121225333333332,-0.0013390999999999
727,727,727,43.62,-1.2495385,8.211215000000001,-0.0123605499999999,-0.0018833499999997
728,728,728,43.68,-1.6324506666666665,8.320832333333332,-0.0125245666666665,-0.0024551666666664
729,729,729,43.74,-2.0060286666666665,8.416918666666668,-0.0126719999999999,-0.0030319833333331
730,730,730,43.8,-2.3882526666666672,8.514547999999998,-0.0128178166666665,-0.0036019333333332
731,731,731,43.86,-2.5550103333333336,8.526093166666666,-0.0128352166666665,-0.0038527333333332
732,732,732,43.92,-2.442740166666667,8.535657833333333,-0.0128492833333332,-0.0036820666666665
733,733,733,43.98,-2.209629333333333,8.522718499999998,-0.0128292499999998,-0.0033283666666665
734,734,734,44.04,-1.8328853333333333,8.482797833333333,-0.0127699833333332,-0.0027665166666665
735,735,735,44.1,-1.0634876666666668,8.488805999999999,-0.0127790499999999,-0.0016083666666665
736,736,736,44.16,-0.8285923333333336,8.444315,-0.0127118166666665,-0.0012532333333332
737,737,737,44.22,-0.9557296666666665,8.517426666666665,-0.0128225833333332,-0.0014494999999998
738,738,738,44.28,-1.5447108333333333,8.622197833333333,-0.0129794833333332,-0.0023310666666665
739,739,739,44.34,-2.1084784999999995,8.6619155,-0.0130392499999999,-0.0031792833333332
740,740,740,44.4,-2.6073598333333337,8.634175833333334,-0.0129976499999999,-0.0039308166666665
741,741,741,44.46,-3.1828311666666664,8.541124499999999,-0.0128582666666665,-0.0047992999999998
742,742,742,44.52,-3.5432758333333325,8.431176666666666,-0.0126929166666665,-0.0053416166666665
743,743,743,44.58,-4.103358333333333,8.189603833333333,-0.0123270999999999,-0.0061758999999999
744,744,744,44.64,-4.771346,7.7668029999999995,-0.0116921666666665,-0.0071847166666665
745,745,745,44.7,-5.0417198333333335,7.457317333333335,-0.0112287166666665,-0.0075953833333332
746,746,746,44.76,-5.205953833333333,7.302675833333332,-0.0109938833333332,-0.0078388499999999
747,747,747,44.82,-5.093850833333334,7.317727333333333,-0.0110173499999999,-0.0076714999999998
748,748,748,44.88,-4.8751498333333325,7.434709333333332,-0.0111916666666665,-0.0073393166666665
749,749,749,44.94,-4.529299166666664,7.560836,-0.0113831499999999,-0.0068224666666665
750,750,750,45.0,-4.167296166666667,7.646122833333333,-0.0115111999999999,-0.0062771666666665
751,751,751,45.06,-3.5008625,7.723348333333332,-0.0116272999999999,-0.0052746333333332
752,752,752,45.12,-2.4815511666666668,7.875422,-0.0118552166666665,-0.0037382333333332
753,753,753,45.18,-1.1199316666666665,7.963136833333334,-0.0119875999999999,-0.0016904333333331
754,754,754,45.24,0.2170456666666667,8.040450166666664,-0.0121053833333332,0.0003133166666667
755,755,755,45.3,1.0362823333333333,8.2297005,-0.0123886666666665,0.0015543333333333
756,756,756,45.36,1.4760386666666667,8.562453833333333,-0.0128888666666665,0.0022198833333333
757,757,757,45.42,1.2988446666666666,8.757942833333335,-0.0131839499999999,0.00194405
758,758,758,45.48,0.7712989999999997,9.080554833333334,-0.0136692499999999,0.0011524999999999
759,759,759,45.54,-0.15762633333333353,9.439002000000002,-0.0142075166666665,-0.0002247499999999
760,760,760,45.6,-1.3617498333333333,9.675967833333337,-0.0145649166666665,-0.0020609499999998
761,761,761,45.66,-2.5047484999999994,9.803264666666664,-0.0147564333333332,-0.0037771999999998
762,762,762,45.72,-3.204137,9.814235166666668,-0.0147729166666665,-0.0048271499999998
763,763,763,45.78,-3.4954663333333325,9.686342499999999,-0.0145803999999999,-0.0052654499999998
764,764,764,45.84,-3.649538666666667,9.559339166666664,-0.0143893833333332,-0.0054950833333332
765,765,765,45.9,-4.156586833333334,9.387704666666666,-0.0141314499999999,-0.0062631333333332
766,766,766,45.96,-5.0781505000000005,9.173677999999999,-0.0138096999999999,-0.0076508499999998
767,767,767,46.02,-6.065697500000001,8.880688833333332,-0.0133679666666665,-0.0091313999999999
768,768,768,46.08,-6.859897166666667,8.583957666666667,-0.0129223499999999,-0.0103285166666665
769,769,769,46.14,-7.747601333333333,8.334600666666667,-0.0125466666666665,-0.0116632833333332
770,770,770,46.2,-8.394485333333332,8.0909085,-0.0121800666666665,-0.0126365666666665
771,771,771,46.26,-8.721429666666666,7.943493166666666,-0.0119587999999999,-0.0131285333333331
772,772,772,46.32,-8.839663166666668,7.764909999999999,-0.0116880333333332,-0.0133061499999998
773,773,773,46.38,-8.506320166666667,7.527553666666666,-0.0113360333333332,-0.0128058333333332
774,774,774,46.44,-8.194942333333332,7.449858999999999,-0.0112157333333332,-0.0123362999999999
775,775,775,46.5,-7.903603000000001,7.436255166666666,-0.0111899999999999,-0.0118954333333332
776,776,776,46.56,-7.278693166666665,7.404677499999999,-0.0111509833333332,-0.0109605499999998
777,777,777,46.62,-6.672835333333334,7.504221166666666,-0.0112987499999999,-0.0100473666666664
778,778,778,46.68,-6.116755333333333,7.6407929999999995,-0.0115045499999999,-0.0092121333333331
779,779,779,46.74,-5.854790833333334,7.905613333333332,-0.0119027499999999,-0.0088176999999999
780,780,780,46.8,-5.689069999999998,8.155834666666667,-0.0122767666666665,-0.0085641166666665
781,781,781,46.86,-5.502484333333334,8.298219166666666,-0.0124926999999999,-0.0082871666666665
782,782,782,46.92,-5.462933166666667,8.381292833333333,-0.0126180333333332,-0.0082284333333332
783,783,783,46.98,-5.614343833333335,8.371693333333333,-0.0126024833333332,-0.0084536666666665
784,784,784,47.04,-5.897153500000001,8.3950715,-0.0126382166666665,-0.0088804499999999
785,785,785,47.1,-6.008623666666668,8.421389166666668,-0.0126771666666665,-0.0090464666666665
786,786,786,47.16,-5.7992041666666685,8.422868333333335,-0.0126793166666665,-0.0087312833333332
787,787,787,47.22,-5.353031166666667,8.407307833333334,-0.0126574333333332,-0.0080638499999999
788,788,788,47.28,-4.705275833333333,8.472294833333335,-0.0127543666666665,-0.0070876666666665
789,789,789,47.34,-3.791927833333333,8.503594,-0.0127985999999999,-0.0057018999999998
790,790,790,47.4,-2.556069333333334,8.4415655,-0.0127076833333332,-0.0038526666666665
791,791,791,47.46,-1.4482671666666667,8.426402666666668,-0.0126859166666665,-0.0021909833333332
792,792,792,47.52,-0.7754235,8.470394,-0.0127514999999999,-0.0011760833333332
793,793,793,47.58,-1.0157743333333333,8.718480833333333,-0.0131257333333332,-0.0015452666666665
794,794,794,47.64,-1.7368733333333335,9.051804166666667,-0.0136247166666666,-0.0026100666666665
795,795,795,47.7,-2.5616326666666667,9.223231166666668,-0.0138839166666665,-0.0038624666666665
796,796,796,47.76,-3.458733,9.343198333333332,-0.0140647166666665,-0.0052166833333332
797,797,797,47.82,-4.111433333333333,9.29928866666667,-0.0139976999999999,-0.0061877833333332
798,798,798,47.88,-4.329810833333333,9.14237516666667,-0.0137620833333332,-0.0065214333333332
799,799,799,47.94,-4.476915166666668,8.990264333333334,-0.0135336499999999,-0.0067444999999999
800,800,800,48.0,-4.425690666666668,8.837342666666666,-0.0133031166666666,-0.0066654499999999
801,801,801,48.06,-4.0881485,8.642397499999998,-0.0130101833333332,-0.0061589666666665
802,802,802,48.12,-3.4561136666666665,8.407853666666668,-0.0126575999999999,-0.0052092333333332
803,803,803,48.18,-2.5544565000000006,8.211334333333333,-0.0123623333333332,-0.0038542499999998
804,804,804,48.24,-1.4878336666666667,8.115445666666666,-0.0122139166666665,-0.0022310166666665
805,805,805,48.3,-0.33862416666666667,7.9431199999999995,-0.0119576666666665,-0.0005159
806,806,806,48.36,-0.15317183333333362,7.895123166666666,-0.0118883499999999,-0.0002501833333333
807,807,807,48.42,-0.8310691666666669,8.100684500000002,-0.0121944499999999,-0.0012553666666665
808,808,808,48.48,-1.615707,8.223789333333333,-0.0123807666666665,-0.0024411499999998
809,809,809,48.54,-2.377263333333333,8.395971333333332,-0.0126388666666665,-0.0035822166666665
810,810,810,48.6,-2.980102833333334,8.494774499999998,-0.0127878333333332,-0.0044907833333331
811,811,811,48.66,-3.361994333333333,8.616763333333331,-0.0129719999999999,-0.0050683166666665
812,812,812,48.72,-3.5203851666666677,8.683830500000001,-0.0130720999999999,-0.0053030666666665
813,813,813,48.78,-3.5175970000000003,8.763163833333332,-0.0131913999999999,-0.0052981499999999
814,814,814,48.84,-3.1141123333333334,8.824965333333333,-0.0132850833333332,-0.0046955166666665
815,815,815,48.9,-2.513084333333333,8.821549666666666,-0.0132790833333332,-0.0037857499999998
816,816,816,48.96,-1.7832775000000003,8.812482333333332,-0.0132657999999999,-0.0026899999999998
817,817,817,49.02,-0.9862804999999999,8.752231,-0.0131748833333332,-0.0014893833333332
818,818,818,49.08,-0.33770250000000035,8.687206666666667,-0.0130793333333332,-0.0005310166666667
819,819,819,49.14,-0.09028499999999995,8.871619833333332,-0.0133549666666665,-0.0001439333333333
820,820,820,49.2,-0.14745583333333356,9.177862166666669,-0.0138145333333332,-0.0002149999999999
821,821,821,49.26,-0.4574613333333334,9.3800865,-0.0141198166666665,-0.00069795
822,822,822,49.32,-0.9184116666666665,9.560023833333332,-0.0143906666666665,-0.0013922999999998
823,823,823,49.38,-1.2136995000000002,9.657770666666664,-0.0145374666666665,-0.0018321333333332
824,824,824,49.44,-1.1264916666666667,9.573651333333334,-0.0144109833333332,-0.0017028333333332
825,825,825,49.5,-0.8307178333333333,9.472929166666667,-0.0142593333333332,-0.0012542499999999
826,826,826,49.56,-0.5109021666666668,9.41074,-0.0141657499999999,-0.0007748666666667
827,827,827,49.62,-0.2211943333333335,9.394973333333333,-0.0141422166666665,-0.00034185
828,828,828,49.68,0.29740466666666654,9.31591,-0.0140232166666665,0.0004375833333333
829,829,829,49.74,0.9225361666666665,9.305737500000001,-0.0140076666666665,0.0013862166666667
830,830,830,49.8,1.8683420000000006,9.3801875,-0.0141199833333332,0.00280035
831,831,831,49.86,2.7391083333333333,9.288854333333335,-0.0139829999999999,0.0041013666666667
832,832,832,49.92,3.0597323333333333,9.282322666666664,-0.0139722666666665,0.00460405
833,833,833,49.98,2.7085033333333337,9.243240333333336,-0.0139142666666665,0.0040592
834,834,834,50.04,1.9518223333333333,9.308775833333332,-0.0140126999999999,0.0029251666666666
835,835,835,50.1,0.8800193333333335,9.455523666666664,-0.0142327166666665,0.0013315166666667
836,836,836,50.16,-0.36453550000000007,9.514458833333336,-0.0143220666666665,-0.0005600833333333
837,837,837,50.22,-1.5350841666666666,9.488201,-0.0142825999999999,-0.0023213666666665
838,838,838,50.28,-2.4126335,9.405885333333336,-0.0141586499999999,-0.0036380999999998
839,839,839,50.34,-2.894469333333334,9.247473499999998,-0.0139202333333332,-0.0043636166666665
840,840,840,50.4,-2.824173166666666,9.062577333333337,-0.0136417333333332,-0.0042530833333332
841,841,841,50.46,-2.4326173333333334,8.886759833333334,-0.0133775499999999,-0.0036672499999998
842,842,842,50.52,-2.0024465,8.812404666666668,-0.0132663166666665,-0.0030244333333332
843,843,843,50.58,-1.4469800000000002,8.810759833333332,-0.0132636333333332,-0.0021875666666665
844,844,844,50.64,-0.8432363333333334,8.873595,-0.0133574499999999,-0.0012734166666665
845,845,845,50.7,-0.159875166666667,8.981965333333331,-0.0135211833333332,-0.0002523999999999
846,846,846,50.76,0.31366333333333296,9.055609999999996,-0.0136313833333332,0.0004674666666665
847,847,847,50.82,0.5832949999999995,9.10262916666667,-0.0137020833333332,0.0008728333333333
848,848,848,50.88,0.5788808333333333,9.150118999999998,-0.0137744499999998,0.0008530166666667
849,849,849,50.94,0.4792078333333334,9.193106166666666,-0.0138381666666665,0.0007175833333332
850,850,850,51.0,0.5799624999999997,9.197654499999997,-0.0138442499999999,0.00088335
851,851,851,51.06,0.6561703333333333,9.208431166666664,-0.0138618333333332,0.0009726333333332
852,852,852,51.12,0.35286783333333305,9.263116833333335,-0.0139437166666665,0.0005232333333333
853,853,853,51.18,-0.06929783333333328,9.340227166666667,-0.0140598833333332,-0.0001124999999999
854,854,854,51.24,-0.5744993333333335,9.493089000000001,-0.0142897833333332,-0.00087285
855,855,855,51.3,-1.042347,9.675322666666668,-0.0145638333333332,-0.0015702666666665
856,856,856,51.36,-1.4473786666666668,9.847833333333332,-0.0148234166666665,-0.0021847833333332
857,857,857,51.42,-1.6204005000000001,9.899432833333336,-0.0149010166666665,-0.0024478666666664
858,858,858,51.48,-1.6907565000000002,9.928267833333335,-0.0149445166666665,-0.0025475499999998
859,859,859,51.54,-1.6950103333333335,9.886335833333332,-0.0148813666666665,-0.0025590833333331
860,860,860,51.6,-1.6137321666666669,9.7760355,-0.0147154333333332,-0.0024366999999998
861,861,861,51.66,-1.4296588333333333,9.577262833333336,-0.0144163166666665,-0.0021573999999998
862,862,862,51.72,-1.1894548333333335,9.339821500000001,-0.0140589666666666,-0.0017943833333332
863,863,863,51.78,-0.6678316666666669,9.185383833333333,-0.0138268499999999,-0.0010126333333333
864,864,864,51.84,-0.15894716666666675,9.121566999999999,-0.0137312666666665,-0.0002525333333334
865,865,865,51.9,-0.17039983333333342,9.271120166666664,-0.0139552666666666,-0.0002534333333334
866,866,866,51.96,-0.5974496666666669,9.424599833333332,-0.0141864666666666,-0.0009018833333333
867,867,867,52.02,-1.3513258333333336,9.533833833333334,-0.0143514166666666,-0.0020485666666665
868,868,868,52.08,-2.0459620000000003,9.67376216666667,-0.0145615666666665,-0.0030838999999998
869,869,869,52.14,-2.35813,9.729347333333331,-0.0146452499999999,-0.0035569333333332
870,870,870,52.2,-2.6294775,9.761960000000004,-0.0146941666666665,-0.0039592333333332
871,871,871,52.26,-2.533298166666667,9.724705499999997,-0.0146381166666665,-0.0038122666666665
872,872,872,52.32,-2.196526333333333,9.623409666666669,-0.0144858666666665,-0.0033153666666665
873,873,873,52.38,-1.8445986666666667,9.502524166666664,-0.0143038499999999,-0.0027825666666665
874,874,874,52.44,-1.2986121666666666,9.307800833333333,-0.0140108833333332,-0.0019590333333331
875,875,875,52.5,-0.7472515000000001,9.206409,-0.0138584499999999,-0.0011323666666666
876,876,876,52.56,-0.9062433333333333,9.319252166666667,-0.0140281833333332,-0.0013701833333332
877,877,877,52.62,-1.4124968333333334,9.427687333333335,-0.0141911999999999,-0.0021285333333331
878,878,878,52.68,-1.6395393333333335,9.408120833333337,-0.0141620833333332,-0.0024755333333332
879,879,879,52.74,-1.9438953333333333,9.467979833333333,-0.0142519166666666,-0.0029307333333332
880,880,880,52.8,-2.518394333333333,9.561365999999996,-0.0143926333333332,-0.0037983166666665
881,881,881,52.86,-3.1689081666666676,9.523843666666664,-0.0143359666666665,-0.0047738166666665
882,882,882,52.92,-4.022937499999999,9.561038833333333,-0.0143916333333332,-0.0060519333333332
883,883,883,52.98,-4.630528833333333,9.616376500000001,-0.0144753166666665,-0.0069776166666665
884,884,884,53.04,-5.096968166666667,9.654468166666664,-0.0145324833333332,-0.0076746499999999
885,885,885,53.1,-5.274805666666666,9.499933666666664,-0.0142998333333332,-0.0079402833333332
886,886,886,53.16,-5.126831166666668,9.315051,-0.0140223999999999,-0.0077246833333332
887,887,887,53.22,-4.839003,9.263981666666664,-0.0139452999999999,-0.0072888833333332
888,888,888,53.28,-4.3896058333333325,9.224199166666667,-0.0138849499999999,-0.0066092999999999
889,889,889,53.34,-3.754707666666667,9.110364500000001,-0.0137142833333332,-0.0056587666666665
890,890,890,53.4,-3.2093315,9.089008166666666,-0.0136816333333332,-0.0048340833333332
891,891,891,53.46,-3.0075376666666664,9.044911333333337,-0.0136156333333332,-0.0045330166666665
892,892,892,53.52,-3.275425166666666,9.063599166666668,-0.0136438666666665,-0.0049369166666665
893,893,893,53.58,-3.6665113333333332,9.087256,-0.0136796166666665,-0.0055266666666665
894,894,894,53.64,-3.9638198333333325,9.073320499999996,-0.0136582666666665,-0.0059715499999998
895,895,895,53.7,-4.2755073333333335,9.082684499999996,-0.0136727666666665,-0.0064425166666665
896,896,896,53.76,-4.736368166666666,9.1160605,-0.0137228833333332,-0.0071351166666665
897,897,897,53.82,-5.2634055,9.239975333333332,-0.0139078833333332,-0.0079185333333332
898,898,898,53.88,-5.660827500000001,9.201255,-0.0138505333333332,-0.0085230666666664
899,899,899,53.94,-6.119501166666668,9.103549833333336,-0.0137044499999999,-0.0092171333333332
900,900,900,54.0,-6.287627166666667,9.030532166666664,-0.0135936833333332,-0.0094662166666665
901,901,901,54.06,-6.22643,8.92856,-0.0134404833333332,-0.0093749833333332
902,902,902,54.12,-5.966792833333333,8.845707166666667,-0.0133153499999999,-0.0089828833333332
903,903,903,54.18,-5.680459,8.864503166666667,-0.0133438166666665,-0.0085525333333331
904,904,904,54.24,-5.494904166666665,8.899438333333332,-0.0133968666666665,-0.0082752499999998
905,905,905,54.3,-5.429490333333333,8.799337833333333,-0.0132465666666665,-0.0081779166666665
906,906,906,54.36,-5.359534166666666,8.829903999999999,-0.0132917166666665,-0.0080694833333332
907,907,907,54.42,-4.8771423333333335,8.975508833333336,-0.0135108999999999,-0.0073433499999998
908,908,908,54.48,-4.201681833333333,9.251462833333335,-0.0139260499999999,-0.0063269166666665
909,909,909,54.54,-3.9010758333333326,9.433917000000001,-0.0142006499999999,-0.0058750333333332
910,910,910,54.6,-3.7668871666666677,9.602190666666669,-0.0144539666666665,-0.0056779833333332
911,911,911,54.66,-4.089264666666668,9.830187166666667,-0.0147969499999999,-0.0061632666666665
912,912,912,54.72,-4.704238500000001,10.136522333333337,-0.0152581833333332,-0.0070779166666665
913,913,913,54.78,-5.251180166666668,10.358650000000004,-0.0155916999999999,-0.0079090833333332
914,914,914,54.84,-5.7408805,10.460530333333333,-0.0157446499999999,-0.0086475333333332
915,915,915,54.9,-6.324293166666667,10.5791615,-0.0159241999999999,-0.0095202999999998
916,916,916,54.96,-6.916881999999999,10.6124165,-0.0159731833333332,-0.0104150499999999
917,917,917,55.02,-7.512252500000001,10.757467166666668,-0.0161925666666665,-0.0113081333333332
918,918,918,55.08,-7.751840166666668,10.762837166666664,-0.0161999666666665,-0.0116700833333331
919,919,919,55.14,-7.681201833333333,10.646107166666665,-0.0160242166666665,-0.0115638833333331
920,920,920,55.2,-7.399011833333334,10.373170833333333,-0.0156137499999999,-0.0111387666666665
921,921,921,55.26,-7.3176691666666684,10.025015333333332,-0.0150899666666665,-0.0110175666666665
922,922,922,55.32,-7.3569890000000004,9.663187333333333,-0.0145456499999999,-0.0110753833333331
923,923,923,55.38,-7.269057500000001,9.345406166666665,-0.0140676166666665,-0.0109437666666666
924,924,924,55.44,-7.117242333333334,9.034240166666667,-0.0135994333333332,-0.0107149999999998
925,925,925,55.5,-7.006062333333333,8.770386499999999,-0.0132032833333332,-0.0105495166666665
926,926,926,55.56,-6.841356333333334,8.569647,-0.0129009499999999,-0.0103009833333332
927,927,927,55.62,-6.6021073333333335,8.4402695,-0.0127035999999999,-0.0099357166666665
928,928,928,55.68,-6.111950000000001,8.243347333333334,-0.0124094833333332,-0.0092023833333332
929,929,929,55.74,-5.420185166666668,8.029637666666666,-0.0120892666666665,-0.0081643333333332
930,930,930,55.8,-4.293497666666666,7.958853333333331,-0.0119795499999999,-0.0064615499999998
931,931,931,55.86,-2.350244166666667,7.760939333333334,-0.0116829333333332,-0.0035404833333332
932,932,932,55.92,-0.7922438333333335,7.665927333333333,-0.0115409666666665,-0.0011996833333332
933,933,933,55.98,-1.3581698333333336,8.111343333333332,-0.0122115666666665,-0.0020531333333332
934,934,934,56.04,-3.1559859999999995,8.803737833333335,-0.0132522333333332,-0.0047530833333331
935,935,935,56.1,-4.7386870000000005,9.439200833333334,-0.0142090333333332,-0.0071401166666665
936,936,936,56.16,-6.135666833333333,9.928633833333333,-0.0149449666666665,-0.0092391333333332
937,937,937,56.22,-7.351039,10.339253833333334,-0.0155626666666665,-0.0110670666666665
938,938,938,56.28,-8.129976666666668,10.692113333333337,-0.0160936333333332,-0.0122388166666665
939,939,939,56.34,-8.501034166666667,10.945990166666665,-0.0164753166666666,-0.0127969333333332
940,940,940,56.4,-8.509028666666666,11.049483833333332,-0.0166311999999999,-0.0128089999999999
941,941,941,56.46,-8.041680166666668,11.0105945,-0.0165717166666666,-0.0121067666666665
942,942,942,56.52,-7.596261166666666,11.076336333333332,-0.0166743666666666,-0.0114324333333332
943,943,943,56.58,-6.939272,11.117475500000001,-0.0167348166666665,-0.0104455333333332
944,944,944,56.64,-6.302563166666668,11.092019,-0.0166938666666666,-0.0094928166666665
945,945,945,56.7,-5.919035666666667,11.122780333333333,-0.0167413499999999,-0.0089128999999999
946,946,946,56.76,-5.553171,11.067906999999998,-0.0166587833333332,-0.0083629999999999
947,947,947,56.82,-5.106881833333333,11.026743,-0.0165979999999999,-0.0076873499999999
948,948,948,56.88,-4.622864333333334,10.937944166666664,-0.0164637333333332,-0.0069617666666665
949,949,949,56.94,-4.343242,10.793067833333337,-0.0162445333333332,-0.0065466999999999
950,950,950,57.0,-4.4946845,10.624580333333332,-0.0159920833333332,-0.0067691166666665
951,951,951,57.06,-4.640702833333333,10.379202999999999,-0.0156230499999999,-0.0069885666666665
952,952,952,57.12,-4.694988666666667,10.122762499999999,-0.0152367166666665,-0.0070748499999999
953,953,953,57.18,-4.804455000000001,9.89779466666667,-0.0148985833333332,-0.0072354833333332
954,954,954,57.24,-4.921226166666666,9.671987666666666,-0.0145591833333332,-0.0074192333333332
955,955,955,57.3,-5.175259499999999,9.4468055,-0.0142202833333332,-0.0077957833333332
956,956,956,57.36,-5.348976833333333,9.26263716666667,-0.0139419333333332,-0.0080470499999999
957,957,957,57.42,-5.305701666666667,9.076775666666666,-0.0136633499999998,-0.0079893166666665
958,958,958,57.48,-5.3407860000000005,8.970078333333333,-0.0135035666666665,-0.0080455333333332
959,959,959,57.54,-5.265534166666667,8.939595666666667,-0.0134566499999999,-0.0079271166666665
960,960,960,57.6,-4.985583333333333,8.946722499999998,-0.0134675666666665,-0.0075072333333332
961,961,961,57.66,-4.5605751666666645,9.027969333333335,-0.0135897666666665,-0.0068673666666665
962,962,962,57.72,-3.8665285000000003,9.10609333333333,-0.0137073333333332,-0.0058229499999999
963,963,963,57.78,-3.3218726666666667,9.095544333333333,-0.0136919666666665,-0.0050079833333332
964,964,964,57.84,-2.9498696666666673,9.202911833333333,-0.0138532833333332,-0.0044457166666665
965,965,965,57.9,-2.6688050000000003,9.530349166666664,-0.0143457833333332,-0.0040225833333332
966,966,966,57.96,-2.7284625,9.928859333333332,-0.0149453666666665,-0.0041131833333332
967,967,967,58.02,-2.751583,10.253933499999997,-0.0154346666666665,-0.0041433166666665
968,968,968,58.08,-2.471255,10.543452333333335,-0.0158703499999999,-0.0037223166666665
969,969,969,58.14,-2.2104615,10.684964499999996,-0.0160821999999999,-0.0033392999999998
970,970,970,58.2,-2.1596745000000004,10.871809833333337,-0.0163647166666665,-0.0032524166666665
971,971,971,58.26,-2.203124833333333,11.054413666666669,-0.0166406666666665,-0.0033115666666665
972,972,972,58.32,-2.4942986666666664,11.213216333333332,-0.0168764499999999,-0.0037655499999998
973,973,973,58.38,-2.9820506666666664,11.306534833333336,-0.0170178666666665,-0.0044949833333332
974,974,974,58.44,-3.1380553333333325,11.3711195,-0.0171151666666665,-0.0047288166666665
975,975,975,58.5,-2.723447666666667,11.361803166666666,-0.0171007499999999,-0.0041065499999998
976,976,976,58.56,-1.9618050000000002,11.30938216666667,-0.0170231833333332,-0.0029544666666665
977,977,977,58.62,-1.0527271666666667,11.0490025,-0.0166297499999999,-0.0015971666666665
978,978,978,58.68,0.27707700000000024,10.580003166666668,-0.0159248333333332,0.0004098166666667
979,979,979,58.74,1.3191334999999995,10.262598500000001,-0.0154476333333332,0.00198005
980,980,980,58.8,1.1447745,10.428489333333337,-0.0156970499999999,0.0017145833333333
981,981,981,58.86,0.46322483333333286,10.793604333333336,-0.0162468499999999,0.0006942
982,982,982,58.92,-0.2649668333333335,11.018266666666669,-0.0165846166666665,-0.0004038166666667
983,983,983,58.98,-0.6668365000000003,11.161311666666668,-0.0167990999999999,-0.0010133666666667
984,984,984,59.04,-0.895308,11.301225333333335,-0.0170094833333332,-0.0013582333333332
985,985,985,59.1,-1.007237666666667,11.420508166666666,-0.0171903333333332,-0.0015189833333331
986,986,986,59.16,-0.9171779999999998,11.414739833333332,-0.0171834166666665,-0.0013743499999999
987,987,987,59.22,-0.5960316666666668,11.2824455,-0.0169814499999999,-0.0009059833333334
988,988,988,59.28,-0.24227466666666664,11.227900499999999,-0.0168995999999999,-0.0003725166666666
989,989,989,59.34,0.16361183333333318,11.264442833333332,-0.0169533833333332,0.0002292333333332
990,990,990,59.4,0.21114883333333312,11.309565333333339,-0.0170226999999999,0.0003103166666667
991,991,991,59.46,-0.23313000000000028,11.358590000000001,-0.0170972333333332,-0.0003530333333334
992,992,992,59.52,-0.9750728333333334,11.481067999999999,-0.0172801666666665,-0.0014760499999998
993,993,993,59.58,-1.6384078333333334,11.529990833333333,-0.0173535333333332,-0.0024751666666664
994,994,994,59.64,-2.098847833333333,11.492308333333332,-0.0172963499999999,-0.0031700833333332
995,995,995,59.7,-2.386711833333334,11.387790500000001,-0.0171409999999999,-0.0035946499999998
996,996,996,59.76,-2.2416605,11.216343166666666,-0.0168835666666665,-0.0033738999999998
997,997,997,59.82,-1.6970791666666667,10.94344916666667,-0.0164709666666665,-0.0025659499999998
998,998,998,59.88,-1.2452298333333334,10.757956833333333,-0.0161931666666665,-0.0018764666666665
999,999,999,59.94,-0.8451755517241377,10.601714137931033,-0.0159576080459769,-0.0012809356321838
